iozone -I -a -g 512M -i 0 -i 1 -i 2

        Iozone: Performance Test of File I/O
                Version $Revision: 3.506 $
                Compiled for 64 bit mode.
                Build: linux-AMD64

        Contributors:William Norcott, Don Capps, Isom Crawford, Kirby Collins
                     Al Slater, Scott Rhine, Mike Wisner, Ken Goss
                     Steve Landherr, Brad Smith, Mark Kelly, Dr. Alain CYR,
                     Randy Dunlap, Mark Montague, Dan Million, Gavin Brebner,
                     Jean-Marc Zucconi, Jeff Blomberg, Benny Halevy, Dave Boone,
                     Erik Habbinga, Kris Strecker, Walter Wong, Joshua Root,
                     Fabrice Bacchella, Zhenghua Xue, Qin Li, Darren Sawyer,
                     Vangel Bojaxhi, Ben England, Vikentsi Lapa,
                     Alexey Skidanov, Sudhir Kumar.

        Run began: Fri Feb  7 23:07:02 2025

        O_DIRECT feature enabled
        Auto Mode
        Using maximum file size of 524288 kilobytes.
        Command line used: iozone -I -a -g 512M -i 0 -i 1 -i 2
        Output is in kBytes/sec
        Time Resolution = 0.000001 seconds.
        Processor cache size set to 1024 kBytes.
        Processor cache line size set to 32 bytes.
        File stride size set to 17 * record size.
                                                                    random    random      bkwd     record     stride
              kB  reclen    write    rewrite      read    reread      read     write      read    rewrite       read    fwrite  frewrite     fread   freread
              64       4     35284     42108     40921     35494     31217     45646
              64       8     52034     63613     72730     44503     50957     45677
              64      16     71912     55224    117435     66944     84206     56538
              64      32     86014     86709    196396    263222    249985     90115
              64      64     83525     83318    390278    435909    426219    100020
             128       4     38392     44213     35458     37936     32820     43026
             128       8     50416     57580     64739     58985     47549     58630
             128      16     65883     68445    104068    105521    127741     77249
             128      32     84722     92887    232330    262296    185268     91168
             128      64     89436     87313    372102    423798    412721     98911
             128     128     95668    104392    581781    620799    467329    104841
             256       4     38646     47654     39542     44243     35809     43864
             256       8     57567     62196     78894     73059     62928     60177
             256      16     73711     70544    104828    133337     97863     75361
             256      32     87912     93435    236621    191029    191643     93876
             256      64     96387     90681    414283    416210    377572     96831
             256     128     99532     99959    602276    530031    517265    106757
             256     256     98158    109444    725106    852984    805021    108746
             512       4     41863     44794     46792     43111     37457     41180
             512       8     55386     63618     71378     84767     64152     61807
             512      16     74182     78227    132300    152608    117106     81049
             512      32     91757     97317    224167    250236    230223     90170
             512      64     91216     88367    352577    340448    245572    104146
             512     128    102155    105223    473138    425260    548834    110919
             512     256    111160    108822    710192    851903    832420    109993
             512     512    112065    115395    906185   1066910   1020276    115681
            1024       4     35172     42734     42514     47000     37598     41405
            1024       8     58745     63272     88055     90468     68357     57476
            1024      16     75310     79452    158662    164603    121588     82347
            1024      32     91755     84536    254610    302424    189382     94056
            1024      64     96375     95469    408429    436489    314977     94436
            1024     128    104551    101117    604175    481887    396917    106853
            1024     256    109941    110655    710052    551145    757382    112987
            1024     512    113100    114615    998874    882139    959596    113524
            1024    1024    114119    116153   1063425   1080004   1163693    116854
            2048       4     41623     43688     47714     48273     38287     42847
            2048       8     58312     62947     89613     92244     71917     61001
            2048      16     73791     80935    164197    174802    130437     81292
            2048      32     91859     92090    307874    326479    219838     93481
            2048      64     91559     88931    509461    477382    331225     90205
            2048     128    103702    103664    637812    658949    486328    104666
            2048     256    114650    111851    768481    715541    652244    115621
            2048     512    117283    116695    876362   1086397    986463    118986
            2048    1024    118567    117877   1088186   1118509   1173038    120718
            2048    2048    119998    120662   1067761   1081882   1083656    120611
            4096       4     39907     43981     48804     47826     38487     42396
            4096       8     58388     63279     93620     93820     70941     61687
            4096      16     76134     80394    177493    184114    134449     80060
            4096      32     89284     94536    310230    323899    228736     95229
            4096      64     97050     94162    531739    575620    378237     94792
            4096     128    107090    101900    729605    821971    527413    104834
            4096     256    111186    112555    964413    955190    739497    113111
            4096     512    119318    118313    979925    906216   1063320    119745
            4096    1024    121395    121749   1189016   1092880   1212855    123014
            4096    2048    123370    124030   1089070   1088794   1104331    124219
            4096    4096    125057    125364    884474    939262    935375    124950
            8192       4     39891     43683     48614     48527     31209     43083
            8192       8     73691     84742     96201     94151     74967     82321
            8192      16    147817    173533    184285    186351    143994    163297
            8192      32    284890    302577    350728    347975    240023    285584
            8192      64    449171    549801    571027    594440    385722    517560
            8192     128    695065    679599    800612    806854    438402    754465
            8192     256    934099    969004   1098709   1022221    640397    944213
            8192     512   1081045   1115764   1026435    960928   1021067   1073513
            8192    1024   1086171   1085450   1138576   1065160   1135415   1113666
            8192    2048    968103   1191730   1081181   1076743   1066814   1153793
            8192    4096   1262631   1268504   1468628   1459458   1413120   1279606
            8192    8192   1267334   1289257   1188597   1169462   1177315   1327717
           16384       4     39763     43682     48765     49135     28357     42816
           16384       8     78375     84105     95517     97741     53616     84959
           16384      16    152803    164285    174489    179899     92879    161530
           16384      32    290527    305346    349749    355934    147196    310267
           16384      64    527273    549484    589564    589417    276989    531276
           16384     128    856362    914031    956006    935852    492853    927115
           16384     256   1327071   1419008   1331700   1298166    907202   1257520
           16384     512   1652434   1761911   1221966   1232994   1203286   1816207
           16384    1024   2137543   2050299   1593317   1554324   1528770   1965671
           16384    2048   2447553   2545655   2000461   2012294   1973971   2467148
           16384    4096   2729367   2778811   2237049   2267684   2251192   2759729
           16384    8192   2878929   2913224   2483913   2462286   2392838   2847318
           16384   16384   2891649   2941531   2421933   2441032   2415039   2930992
           32768      64    532303    557980    590927    585143    286791    548768
           32768     128    822840    923358    986336    981021    533358    880619
           32768     256   1276450   1306332   1386650   1398374    861293   1304980
           32768     512   1762110   1791977   1084717   1038538   1170621   1725540
           32768    1024   1914223   2004774   1540349   1485396   1514782   1820243
           32768    2048   2002584   2458226   2022862   1962157   2015742   2359110
           32768    4096   2731363   2731092   2501946   2523908   2497536   2685886
           32768    8192   2877410   2892671   2699178   2626499   2645355   2850673
           32768   16384   3005456   3046494   2831177   2792804   2822398   3037136
           65536      64    516747    553981    529027    472552    251273    424057
           65536     128    722319    755308    780841    790133    465421    710595
           65536     256   1109238   1171458   1203157   1183498    892727   1350639
           65536     512   1750014   1788896   1258778   1070831   1137896   1470070
           65536    1024   1165790   1797376   1326049    865847    352343   1139282
           65536    2048   1230281   1186046    544948   1420067   1882947   2006425
           65536    4096   2430057   2420897   2281091   2280939   1112137   1273108
           65536    8192   1244936   1277932    995023    780990    929087   1356605
           65536   16384   1207968   1165063   1016188    883471    882617   1167761
          131072      64    344083    303914    431390    242614     98402    262530
          131072     128    254293    260527    969159    986913    312746    268094
          131072     256    288603    297080   1041212   1026365    389191    369692
          131072     512    597138    579037    878917    877610    865121    602760
          131072    1024    656650    628036   1142915   1176144   1172872    633375
          131072    2048    707666    695795   1828418   1821331   1828601    841364
          131072    4096   1019159   1019189   1989649   2207413   2208237   1030804
          131072    8192   1067526   1061647   2415534   2425423   2421919   1059552
          131072   16384   1087660   1103458   2381577   2330087   2354739   1085024
          262144      64    373945    434766    592903    600926    217724    448983
          262144     128    676446    752610    953465    975223    280746    636734
          262144     256    834632    872315   1122022   1130652    506183    851153
          262144     512    921847    937923    838425    810422    845143    964811
          262144    1024    967331    975412   1164892   1209033   1172557    995318
          262144    2048   1043629   1116437   1803238   1777187   1757728   1111891
          262144    4096   1113781   1168496   2266764   2271888   2236189   1186848
          262144    8192   1087590   1121131   2227356   2278800   2296568   1161336
          262144   16384   1194342   1207019   2467193   2435242   2429533   1222127
          524288      64    350484    404253    429711    467674    185720    418791
          524288     128    509533    544838    797408    698175    272581    579955
          524288     256    114661    115752   1125513   1124794    513585    163447
          524288     512    946770    817019    428957    382483    845421    829880
          524288    1024    901323    937853   1182411   1207733   1185656    935799
          524288    2048    964518   1055013   1825318   1815835   1875405   1048811
          524288    4096   1022334   1100518    733782   1279615   1016193   1069890
          524288    8192   1019946   1094791    894437   2523428   2518036   1153810
          524288   16384   1107695   1178432   2675868   2678642   2687294   1103501

iozone test complete.