iozone -I -a -g 512M -i 0 -i 1 -i 2

        Iozone: Performance Test of File I/O
                Version $Revision: 3.506 $
                Compiled for 64 bit mode.
                Build: linux-AMD64

        Contributors:William Norcott, Don Capps, Isom Crawford, Kirby Collins
                     Al Slater, Scott Rhine, Mike Wisner, Ken Goss
                     Steve Landherr, Brad Smith, Mark Kelly, Dr. Alain CYR,
                     Randy Dunlap, Mark Montague, Dan Million, Gavin Brebner,
                     Jean-Marc Zucconi, Jeff Blomberg, Benny Halevy, Dave Boone,
                     Erik Habbinga, Kris Strecker, Walter Wong, Joshua Root,
                     Fabrice Bacchella, Zhenghua Xue, Qin Li, Darren Sawyer,
                     Vangel Bojaxhi, Ben England, Vikentsi Lapa,
                     Alexey Skidanov, Sudhir Kumar.

        Run began: Fri Feb  7 23:15:35 2025

        O_DIRECT feature enabled
        Auto Mode
        Using maximum file size of 524288 kilobytes.
        Command line used: iozone -I -a -g 512M -i 0 -i 1 -i 2
        Output is in kBytes/sec
        Time Resolution = 0.000001 seconds.
        Processor cache size set to 1024 kBytes.
        Processor cache line size set to 32 bytes.
        File stride size set to 17 * record size.
                                                                    random    random      bkwd     record     stride
              kB  reclen    write    rewrite      read    reread      read     write      read    rewrite       read    fwrite  frewrite     fread   freread
              64       4     25858     44043     33243     35873     31949     40483
              64       8     77766     91684     76831     58180     58130     78840
              64      16    134163    168424    108467     99686    136482    150992
              64      32    203853    206360    228688    264519    248136    267684
              64      64    395452    378715    140335    178741    187611    335206
             128       4     33032     41586     33657     37768     35635     37667
             128       8     77194     85112     56188     58720     53020     73646
             128      16    116462    133756    102990    114573    136164    154771
             128      32    220317    226164    213994    209485    208428    292126
             128      64    330625    554157    433727    440128    407397    470606
             128     128    455436    564055    504196    643108    601330    535368
             256       4     40653     44615     42112     42560     37602     39531
             256       8     79086     86775     77955     64016     53401     83333
             256      16    143513    174399    145202    138229    133686    159811
             256      32    237879    296629    234656    187821    205626    306975
             256      64    344059    460279    395076    339168    401277    434571
             256     128    580461    748875    598249    651223    600928    842278
             256     256    735537   1272498    852984    853662    844929   1108314
             512       4     40333     43294     42645     49354     37793     43243
             512       8     68350     76866     77237     79404     61316     91231
             512      16    150808    180221    149350    151756     80693    145999
             512      32    274515    266245    256391    253456    221348    318816
             512      64    459177    402466    349707    339748    273815    312961
             512     128    691887    738777    568296    395936    374008    444815
             512     256    797489    992456    732478    884172    759685   1040545
             512     512    957072   1293037   1098566   1132755   1152822   1380303
            1024       4     40303     43439     49110     48390     38638     44409
            1024       8     75067     83558     90933     93397     74262     82606
            1024      16    157828    162486    169595    153130    143415    174444
            1024      32    253902    301172    274021    295353    215310    309551
            1024      64    485043    568583    469713    420547    275551    391740
            1024     128    718605    827099    567906    510952    431186    568282
            1024     256    913471   1049394    704230    654341    860403   1040748
            1024     512   1111877   1192117   1116792   1132697   1091809   1273410
            1024    1024   1088213   1183575   1223356   1085737   1210598   1336827
            2048       4     40642     44244     47733     48851     38510     42369
            2048       8     79392     83248     95158     97920     71943     79509
            2048      16    155328    177698    174670    176432    139451    158905
            2048      32    279394    298896    325637    305259    241420    313286
            2048      64    486797    527157    477382    517067    376408    418637
            2048     128    734069    619683    735137    682889    492915    763088
            2048     256    969211    953821    475611    759646    688858    943761
            2048     512   1087635   1174964   1072293    998039   1104700   1223322
            2048    1024   1206145   1239563   1224194   1162875   1235107   1275264
            2048    2048   1186486   1317918   1125839   1079570   1149954   1339497
            4096       4     40341     43158     50697     47640     31760     42616
            4096       8     77713     89590     97547     99756     76243     87851
            4096      16    152210    163474    179862    179956    142627    173060
            4096      32    267537    299041    317247    327811    239561    292279
            4096      64    495828    507562    529200    575678    392756    483126
            4096     128    762912    790867    816580    775901    568892    835726
            4096     256   1001694   1031464   1060563    985095    812371    987700
            4096     512   1136474   1190664   1127746   1137453   1094900   1075367
            4096    1024   1184834    820832   1257602   1216549   1281142   1223392
            4096    2048   1238920   1133027   1093436   1047565   1095808   1259539
            4096    4096   1255305   1335001    928149    919604    916953   1301918
            8192       4     39525     42501     49130     49419     30161     42914
            8192       8     76980     87581     95504     93609     65858     84602
            8192      16    153597    157696    192820    190091    141823    163206
            8192      32    275131    311125    323794    344376    244348    293314
            8192      64    455845    520091    574348    622156    407763    484336
            8192     128    779453    747864    860137    862490    397094    785189
            8192     256    973286    948697   1095068    958676    657252    950902
            8192     512   1078466    927843    965464    964787   1072508   1096780
            8192    1024   1189996   1180389   1243665   1118087   1238242   1153483
            8192    2048   1106885   1225959   1118196   1073345   1110642   1212376
            8192    4096   1286409   1310699    934302    916337    930910   1276848
            8192    8192   1007888   1294746   1434716   1439163   1442970   1334835
           16384       4     40127     43067     48391     48439     31374     42849
           16384       8     78138     84160     94812     98790     68022     85810
           16384      16    149414    163143    188101    180014     91223    159896
           16384      32    249004    309189    355202    336619    168409    310543
           16384      64    473650    519650    589205    580931    302327    496274
           16384     128    712970    823275    952785    908954    520027    734113
           16384     256    890577    926752   1079666   1059018    555237    984663
           16384     512    972168   1046965    940206    897615    954665   1109437
           16384    1024   1168463   1126127   1216967   1125353   1236633   1394277
           16384    2048   2613921   2673201   1954156   1963312   1969219   2441726
           16384    4096   2603522   2733927   2043409   2019984   2014772   2705831
           16384    8192   2695641   2737958   2178748   2139207   2149579   2720614
           16384   16384   2576966   2640030   2263576   2221572   2198052   2631538
           32768      64    464043    529985    554590    563277    288519    524046
           32768     128    820801    909969    957317    864179    517538    880500
           32768     256   1345596   1333985   1466190   1487292    870055   1367772
           32768     512   1904224   1823576   1249640   1229847   1201212   1900275
           32768    1024   2341067   2343582   1762087   1708997   1731191   2229711
           32768    2048   2658455   2612470   2181923   2201848   2153243   2660822
           32768    4096   2700027   2791840   2358098   2424018   2403081   2811486
           32768    8192   2840011   2928045   2543714   2590997   2510355   2917912
           32768   16384   2930417   2875604   2643422   2645763   2628357   2965190
           65536      64    518677    560069    611805    595024    291702    574060
           65536     128    895546    938025   1010737   1030439    549553    898267
           65536     256   1385802   1473316   1524408   1460874    922186   1415489
           65536     512   1878687   1926172   1310303   1190391   1202999   1725852
           65536    1024   2247225   1863354   1698614   1614271   1755300   2290500
           65536    2048   2626168   2604544   2013332   1988643   2067313   2461524
           65536    4096   2439914   2487609   2332403   2230865   2273977   2471483
           65536    8192   2503377   2465697   2546679   2511061   1583491   1315030
           65536   16384   2493386   1650652   2779554   2714392   2804653   2472039
          131072      64    524323    505675    297168    613932     91511    472396
          131072     128    716702    737415   1013971   1024376    322963    748667
          131072     256    925904    936180   1154156   1115135    538958    930063
          131072     512    989079   1000298    893358    860109    895042   1000764
          131072    1024   1038235   1024416   1235828   1218990   1259386   1024840
          131072    2048   1136131   1131462   1746954   1704094   1741288   1096875
          131072    4096   1213538   1196393   2033889   2034807   2045566   1165053
          131072    8192   1201965   1230088   2334649   2324845   2322616   1222424
          131072   16384   1222231   1214045   2334937   2342877   2331787   1225154
          262144      64    379846    491725    613858    608698    193195    490079
          262144     128    694806    721641    989876    973456    203607    600375
          262144     256    880097    932445   1154162   1159216    532875    910430
          262144     512   1014085   1007007    964179    840431    841416    971209
          262144    1024   1002079   1007715   1222908   1208582   1228606   1005693
          262144    2048   1063683   1106331   1836063   1810999   1824319   1064873
          262144    4096   1095260   1077381   1926821   1925006   1906085   1076691
          262144    8192   1110723   1213859   2399225   2413359   2157492   1189196
          262144   16384   1183638   1172242   1579951    938373    957544    118755
          524288      64     77235     92485    573110    516671    198985    505729
          524288     128    588882    565162    408453    773064    285544    707376
          524288     256    879443    914581   1108114   1109301    490158    835406
          524288     512    900235    953037    881504    880330    928729    935118
          524288    1024   1015900   1011609   1294742   1276786   1281520    951120
          524288    2048   1022777   1042417    734699    670577    780888    898698
          524288    4096    671243    726140   2223095   2225264   2211260    727130
          524288    8192    680604    719182    828395   1016826   2286151    705374
          524288   16384    701614    757357   2778745   2778569   2788395    745140

iozone test complete.