iozone -I -a -g 512M -i 0 -i 1 -i 2

        Iozone: Performance Test of File I/O
                Version $Revision: 3.506 $
                Compiled for 64 bit mode.
                Build: linux-AMD64

        Contributors:William Norcott, Don Capps, Isom Crawford, Kirby Collins
                     Al Slater, Scott Rhine, Mike Wisner, Ken Goss
                     Steve Landherr, Brad Smith, Mark Kelly, Dr. Alain CYR,
                     Randy Dunlap, Mark Montague, Dan Million, Gavin Brebner,
                     Jean-Marc Zucconi, Jeff Blomberg, Benny Halevy, Dave Boone,
                     Erik Habbinga, Kris Strecker, Walter Wong, Joshua Root,
                     Fabrice Bacchella, Zhenghua Xue, Qin Li, Darren Sawyer,
                     Vangel Bojaxhi, Ben England, Vikentsi Lapa,
                     Alexey Skidanov, Sudhir Kumar.

        Run began: Sat Feb  8 22:00:05 2025

        O_DIRECT feature enabled
        Auto Mode
        Using maximum file size of 524288 kilobytes.
        Command line used: iozone -I -a -g 512M -i 0 -i 1 -i 2
        Output is in kBytes/sec
        Time Resolution = 0.000001 seconds.
        Processor cache size set to 1024 kBytes.
        Processor cache line size set to 32 bytes.
        File stride size set to 17 * record size.
                                                                    random    random      bkwd     record     stride
              kB  reclen    write    rewrite      read    reread      read     write      read    rewrite       read    fwrite  frewrite     fread   freread
              64       4     11163     11814     10830     11841     11504     11261
              64       8     24133     22687     20330     23908     19746     23802
              64      16     43213     46988     50755     42556     39120     45261
              64      32    100132    105774    106997     69799     76743     95095
              64      64    188798    206360    174784    225234    181399    184897
             128       4     11903     11860     11415     11508     11467     11535
             128       8     23573     23760     23344     24155     23176     23659
             128      16     48891     48577     43655     45279     44769     44691
             128      32     84655    104392     93355     80553     85166     85491
             128      64    169316    214079    167992    183369    161620    178019
             128     128    364522    375222    349797    419494    325809    224932
             256       4     11611     12025     11611     11853     11608     11963
             256       8     24481     24084     23176     23840     22666     24411
             256      16     46402     47584     43105     46715     45022     46605
             256      32     93467     94604     86280     96639     81320     95957
             256      64    175798    178042    201573    191746    172966    170792
             256     128    379306    317975    352647    299693    245943    356985
             256     256    541253    703260    701422    668246    603630    670332
             512       4     11634     11981     11869     11880     11504     12032
             512       8     23658     23687     23767     23592     23788     23570
             512      16     48934     47363     47645     48925     44641     47364
             512      32     95542     95896     92800     93859     88243     94118
             512      64    178587    179783    169482    185514    153756    189626
             512     128    316233    276922    362089    342021    364177    380367
             512     256    555938    535558    663252    684390    532239    688118
             512     512   1045103   1049187   1276891   1002183    750656    651383
            1024       4     11669     11797     11902     12001     11788     11820
            1024       8     23565     23549     23696     23985     23725     23933
            1024      16     44244     47184     46983     48070     46034     47913
            1024      32     94023     91575     94586     93756     89832     94006
            1024      64    183218    179459    181399    182401    184105    184842
            1024     128    364821    354668    327589    362481    325504    360563
            1024     256    532490    658050    551711    654241    600963    606993
            1024     512    606993   1321200   1175477   1280243    880512   1224752
            1024    1024    518227    988529   1686413   1097669   1095150   1888889
            2048       4     11805     12148     12096     12224     12088     12153
            2048       8     23859     23945     23962     24085     24198     24571
            2048      16     48040     48509     48116     48236     48262     47569
            2048      32     95727     96041     95323     98009     94004     97570
            2048      64    184156    191778    188236    193119    181016    189452
            2048     128    308948    369208    335638    383020    339230    385115
            2048     256    607543    759377    571907    668851    451512    598443
            2048     512    820840   1028635   1214673   1232272    581823   1199744
            2048    1024   1299574   1474462   1735408   2036105    600955   1710867
            2048    2048    848321   1489548   1854954   2076967   1118509   1972971
            4096       4     10466     10532     10973     10680     10697     10330
            4096       8     20624     20466     21766     21577     21836     20660
            4096      16     38640     39463     43087     43993     41003     40642
            4096      32     72172     74577     80233     82151     80004     77381
            4096      64    132801    136202    151250    157768    155640    145775
            4096     128    226899    224266    279339    308713    284421    259405
            4096     256    359112    383019    594586    560484    558353    483588
            4096     512    657985    668742   1042543   1124719    838295    713722
            4096    1024    870580    969693   1606825   1929280   1653690   1443831
            4096    2048   1791845   1318303   2110080   2222548    839319   2045026
            4096    4096   1406133   1267718   1928414   1657519    897645   1941270
            8192       4     10295     10218      9661     10281      9648      9715
            8192       8     17364     19884     19163     19124     18563     19172
            8192      16     31676     38611     36511     36859     36212     38225
            8192      32     60617     73283     65655     69412     68784     70754
            8192      64    109545    139583    117855    127466    129103    137970
            8192     128    209958    284730    221232    254654    251729    291002
            8192     256    338360    535466    389258    459349    436304    546939
            8192     512    630919    974196    643720    814717    797824   1067244
            8192    1024   1285398   1417258    917659   1313656   1221210   1681432
            8192    2048   1190326   1282807   1205570   1724643   1594729   1734481
            8192    4096   1631221   1557078   1607788   1740808   1151704   1769769
            8192    8192   1655268   2013721   1478168   1541845    833189   2306362
           16384       4     10205     10254      9623      9943      9218     10432
           16384       8     20102     20444     19309     19430     18085     20146
           16384      16     36396     42787     39843     41512     36594     45998
           16384      32     82407     84694     71060     72870     65670     83444
           16384      64    154053    166524    127617    147464    133799    180546
           16384     128    319021    350398    251323    273148    257193    345910
           16384     256    650211    671476    428800    460781    454266    650310
           16384     512   1086099   1105386    678537    765823    748367   1173552
           16384    1024   1708597   1760015    975355   1164050   1072521   2061926
           16384    2048   1546558   2123146   1193464   1590993   1243480   1970179
           16384    4096   1213443   1409867   1563945   1642678   1363054   1866727
           16384    8192   1480710   1463648   1755116   1376349   1087199   1442752
           16384   16384   1127902   1384473   1665894   1618040   1652752   1507673
           32768      64    180467    184140    144875    150514    129453    183154
           32768     128    339227    352267    256685    267491    246046    356619
           32768     256    646808    668543    442284    451374    447663    667222
           32768     512   1120041   1183636    705858    725712    717150   1106907
           32768    1024   1557632   1924139   1036830   1033431   1001407   1881802
           32768    2048   1903328   2057660   1225297   1482320   1437257   2269587
           32768    4096   1627501   1925271   1622985   1730820   1414056   1718743
           32768    8192   1503185   1400112   1563942   1602024   1428726   1487357
           32768   16384   1468823   1570483   1510736   1645053   1517173   1636922
           65536      64    178126    183478    148813    151533    125678    182983
           65536     128    341511    349881    269668    273376    236957    349516
           65536     256    659713    670171    455234    476843    439302    678125
           65536     512   1176991   1223093    702219    716954    719274   1232107
           65536    1024   1831178   1997255   1025974    996003   1003457   1962855
           65536    2048   1568142   2115424   1346260   1401510   1385132   2373795
           65536    4096   1614774   1914514   1638032   1663307   1606122   1859496
           65536    8192   1404453   1556898   1673668   1683776   1606939   1519890
           65536   16384    964897   1012483    872313    809925    716466   1095424
          131072      64    179023    176762    139463    136054    118877    149091
          131072     128    300759    300666    224506    228972    177336    303632
          131072     256    588054    596472    370383    388764    334274    601027
          131072     512   1065331   1075691    572474    580257    570533   1103161
          131072    1024   1024534   1040552    834997    765460    776354   1053362
          131072    2048   1133017   1186665   1104928   1127899   1129987   1130799
          131072    4096   1075666   1078896   1386550   1416032   1412913   1128491
          131072    8192   1157829   1105672   1529662   1585234   1498393   1098391
          131072   16384   1160515   1181181   1824904   1800884   1850127   1196534
          262144      64    147406    149475    122219    129523     97458    150034
          262144     128    300541    303460    220129    223082    177209    353652
          262144     256    658391    671769    297504    309011    326290    669599
          262144     512   1055989   1133311    555163    523034    545882   1110738
          262144    1024   1044419   1028224    828839    809071    816920   1017169
          262144    2048   1110987   1105355   1014752   1044016    920504   1056572
          262144    4096   1126240   1031076    521484   1399040   1382135   1124800
          262144    8192   1086098   1121145   1588346   1637950   1589078   1075453
          262144   16384   1166666   1194903   1387806   1412840   1424865   1192527
          524288      64    177774    176853    134789    141116     97357    150088
          524288     128    300226    304881    213635    231735    173765    300863
          524288     256    585801    582553    330373    379149    318268    667614
          524288     512    980417    964816    231819    540801    535833   1098809
          524288    1024   1022514   1007614    824364    797780    806223   1012277
          524288    2048   1108939   1134485   1108855   1161267   1147215   1097989
          524288    4096   1126594   1106709   1277427   1321499   1255938    999942
          524288    8192    974773   1033055    545363    569699   1608186   1108178
          524288   16384   1079261   1127255   1425287   1438552   1451130   1115197

iozone test complete.