iozone -I -a -g 512M -i 0 -i 1 -i 2

        Iozone: Performance Test of File I/O
                Version $Revision: 3.506 $
                Compiled for 64 bit mode.
                Build: linux-AMD64

        Contributors:William Norcott, Don Capps, Isom Crawford, Kirby Collins
                     Al Slater, Scott Rhine, Mike Wisner, Ken Goss
                     Steve Landherr, Brad Smith, Mark Kelly, Dr. Alain CYR,
                     Randy Dunlap, Mark Montague, Dan Million, Gavin Brebner,
                     Jean-Marc Zucconi, Jeff Blomberg, Benny Halevy, Dave Boone,
                     Erik Habbinga, Kris Strecker, Walter Wong, Joshua Root,
                     Fabrice Bacchella, Zhenghua Xue, Qin Li, Darren Sawyer,
                     Vangel Bojaxhi, Ben England, Vikentsi Lapa,
                     Alexey Skidanov, Sudhir Kumar.

        Run began: Sat Feb  8 22:11:51 2025

        O_DIRECT feature enabled
        Auto Mode
        Using maximum file size of 524288 kilobytes.
        Command line used: iozone -I -a -g 512M -i 0 -i 1 -i 2
        Output is in kBytes/sec
        Time Resolution = 0.000001 seconds.
        Processor cache size set to 1024 kBytes.
        Processor cache line size set to 32 bytes.
        File stride size set to 17 * record size.
                                                                    random    random      bkwd     record     stride
              kB  reclen    write    rewrite      read    reread      read     write      read    rewrite       read    fwrite  frewrite     fread   freread
              64       4     12848     13573     10611     11957     11239     11615
              64       8     23053     19053     22776     23897     22535     23925
              64      16     36428     32986     37670     36843     34722     44444
              64      32     56838     83655     86962     86821     80182     89275
              64      64    187088    205099    161629    186568    168847    173879
             128       4     11773     11728     11813     11998     11375     11421
             128       8     23813     22964     22698     23218     22061     24437
             128      16     41624     45977     46258     47268     43181     45325
             128      32     78768     83875     84776     88464     90644     85450
             128      64    198121    186555    184187    180776    176265    166843
             128     128    359398    280671    368779    357483    316028    345965
             256       4     11601     12034     11587     12132     11575     11985
             256       8     23071     23514     22961     23400     23140     22230
             256      16     45814     45519     45470     44975     44756     46808
             256      32     86810     85790     83463     91298     90421     91197
             256      64    171146    203483    188945    184023    178783    190183
             256     128    331115    403843    369388    343618    321209    326483
             256     256    477472    735537    580461    487664    410796    656399
             512       4     11460     11929     11763     11975     11823     11823
             512       8     23210     23359     23929     23811     22947     24195
             512      16     44482     45709     46647     47302     46486     47769
             512      32     95631     95952     86096     88243     84770     92234
             512      64    181057    197764    178587    175522    166939    184241
             512     128    307318    326722    273362    317966    362089    346658
             512     256    709254    671969    587899    523035    611852    646480
             512     512   1140576    934173   1245780   1163439    506027   1201856
            1024       4     11543     11869     11955     11775     11867     11988
            1024       8     22981     23846     23891     23231     23872     23882
            1024      16     45976     47289     47065     47783     46950     47732
            1024      32     81412     92602     90876     94649     93190     93124
            1024      64    179489    179805    180250    181269    177839    187374
            1024     128    350300    351044    345593    316649    315462    353588
            1024     256    668393    624014    555924    636875    551711    685899
            1024     512   1203474    994250   1236742   1229309    839220   1034232
            1024    1024   1630707   1307525   1914144   2156318   1709231   1510288
            2048       4     11579     11804     11969     11900     11964     11842
            2048       8     23185     24016     23888     23801     23780     23879
            2048      16     43900     48188     47438     48175     48011     47792
            2048      32     91644     94317     95273     91535     91670     95013
            2048      64    171009    181671    177964    184286    180011    187685
            2048     128    327737    361973    338789    350812    318006    353338
            2048     256    661282    654082    568575    672991    595002    614804
            2048     512   1035455   1056208   1146730    700658    783767   1117927
            2048    1024   1444219   1512364   1941313   2079481   1564421   1552826
            2048    2048   1460673   1106407   2515497   2178635   1518244   2230685
            4096       4     11690     11162     11963     11909     11766     11791
            4096       8     22997     23730     23831     23538     23711     22766
            4096      16     45047     46689     47272     47458     46748     43503
            4096      32     86442     89716     93366     97215     93260     82153
            4096      64    156718    181615    182052    188572    176339    161487
            4096     128    315413    313290    344777    349818    338514    320551
            4096     256    184952    592760    592249    645840    574408    290785
            4096     512    321054    314760   1156130   1161994    990091   1037506
            4096    1024   1458664   1455575   1675135   2063448   1451394   1450413
            4096    2048   1069410   1633718   2714122   1378159   1207485   1835102
            4096    4096   1879675   1716646   1541651   1506371    980597   1654327
            8192       4     11568     11641     10908     10275     10562     10971
            8192       8     19522     23088     20977     21653     20014     21662
            8192      16     35555     44610     39732     38687     39149     42972
            8192      32     69295     86089     77178     75530     74924     83582
            8192      64    128501    169502    140063    151892    145358    166315
            8192     128    224869    329009    256506    269642    264599    319539
            8192     256    391364    618817    404204    475977    454326    605342
            8192     512    643575   1280226    657039    782792    743173   1095626
            8192    1024    908992   1781977    938154   1383587   1266354   1800843
            8192    2048   1491061   1801220   1278178   1518474   1699226   2088762
            8192    4096   1615119   1347609   1576004   1691530   1226747   1741073
            8192    8192   1543577   1741161   1542122   1806049   1384925   1648280
           16384       4     11396     11542     10451     10581      9510     11252
           16384       8     21904     23034     18524     20800     18485     22684
           16384      16     42515     45834     40357     40403     35501     45083
           16384      32     87104     91624     77805     79458     70437     90578
           16384      64    168099    177147    144914    151550    140375    193157
           16384     128    343105    383745    263230    290032    266173    377764
           16384     256    676407    743003    467273    495001    477723    736292
           16384     512   1119523   1327199    726530    779408    733815   1262139
           16384    1024   1654941   2037291   1028629   1210749   1158789   2090847
           16384    2048   1670307   2184566   1234944   1552673   1336257   2111080
           16384    4096   1599659   2029709   1663877   1968993   1377038   1785904
           16384    8192   1537802   1709490   1687659   1458832   1187237   1830625
           16384   16384   1626696   1938282   1777221   1986869   1745398   1782800
           32768      64    149447    149581    140062    144388    121452    150428
           32768     128    297604    302846    256887    258743    236474    306543
           32768     256    580489    591158    436952    452827    424099    594097
           32768     512   1045769   1158211    667047    683249    685970   1197101
           32768    1024   1567241   1752582   1005274   1089066   1025925   1753790
           32768    2048   1604155   1609264   1367949   1506084   1508100   1795887
           32768    4096   1544990   2235804   1817811   1764394   1521557   2110101
           32768    8192   1707023   2071055   1873312   1780693   1678668   1823891
           32768   16384   2003167   1993665   1815602   1767889   1680577   2074994
           65536      64    148741    149985    141348    142910    118937    149220
           65536     128    296946    303823    250250    255421    231602    304207
           65536     256    586793    603984    391287    339760    276501    618813
           65536     512   1077982    923277    223742    206371    275036    905443
           65536    1024   1133410   1101596    289991    310485    404541    855840
           65536    2048    908997    941134   1258518   1369242   1278098    987672
           65536    4096    915997    882272   1302721   1449657   1421572    883985
           65536    8192    927889    882436   1425406   1536525   1588404    903235
           65536   16384    872662    951066   1534800   1710505   1570930    888067
          131072      64    190898    197978    152605    153795    101659    182817
          131072     128    347216    353887    152532    106793    166834    351691
          131072     256    474144    478092    395037    377956    278721    482311
          131072     512    438686    433667    509385    556770    547294    450295
          131072    1024    435730    438884    723994    700440    690634    436355
          131072    2048    467020    548207   1146717   1187160   1178916    802439
          131072    4096    799414    781246   1360189   1421744   1386844    779351
          131072    8192    762530    824492   1454966   1501241   1549093    811912
          131072   16384    792977    819384   1410846   1483806   1492709    829790
          262144      64    176986    181409    140100    140374     92792    181463
          262144     128    338009    343114    223732    239238    174853    366721
          262144     256    661531    708861    388651    403098    321999    564967
          262144     512   1077747   1098551    552000    544164    539223   1092513
          262144    1024   1031957   1000534    817842    868225    861205   1021510
          262144    2048   1164950   1118348   1117198   1123249   1127166   1107336
          262144    4096   1140405   1138390   1363898   1411987   1384155   1145154
          262144    8192   1106840   1147107   1616546   1633235   1630665   1141598
          262144   16384   1096345   1151374   1716051   1762467   1771183   1148037
          524288      64    146935    149156    134259    131002     98328    148891
          524288     128    311568    381273    235702    224807    171032    350253
          524288     256    660504    600540    364701    368194    326739    594188
          524288     512   1116038   1122778    547336    527822    544398   1108937
          524288    1024   1031648   1033509    700810    588474    381849    651533
          524288    2048    744551   1089372   1158563   1172051   1135363   1103009
          524288    4096   1119551   1107001   1458933   1489889   1484776   1104024
          524288    8192   1112387   1101382   1657622   1711687   1634671   1119316
          524288   16384   1084393   1165439   1618227   1591230   1544130   1192040

iozone test complete.