iozone -I -a -g 512M -i 0 -i 1 -i 2

        Iozone: Performance Test of File I/O
                Version $Revision: 3.506 $
                Compiled for 64 bit mode.
                Build: linux-AMD64

        Contributors:William Norcott, Don Capps, Isom Crawford, Kirby Collins
                     Al Slater, Scott Rhine, Mike Wisner, Ken Goss
                     Steve Landherr, Brad Smith, Mark Kelly, Dr. Alain CYR,
                     Randy Dunlap, Mark Montague, Dan Million, Gavin Brebner,
                     Jean-Marc Zucconi, Jeff Blomberg, Benny Halevy, Dave Boone,
                     Erik Habbinga, Kris Strecker, Walter Wong, Joshua Root,
                     Fabrice Bacchella, Zhenghua Xue, Qin Li, Darren Sawyer,
                     Vangel Bojaxhi, Ben England, Vikentsi Lapa,
                     Alexey Skidanov, Sudhir Kumar.

        Run began: Fri Feb  7 23:11:04 2025

        O_DIRECT feature enabled
        Auto Mode
        Using maximum file size of 524288 kilobytes.
        Command line used: iozone -I -a -g 512M -i 0 -i 1 -i 2
        Output is in kBytes/sec
        Time Resolution = 0.000001 seconds.
        Processor cache size set to 1024 kBytes.
        Processor cache line size set to 32 bytes.
        File stride size set to 17 * record size.
                                                                    random    random      bkwd     record     stride
              kB  reclen    write    rewrite      read    reread      read     write      read    rewrite       read    fwrite  frewrite     fread   freread
              64       4     39946     42381     40765     39240     31141     37670
              64       8     78334     85548     66316     58446     56730     85439
              64      16    148077    166646    135861    125272     55601     65507
              64      32    236131    289635    245190    260160    248826    246994
              64      64    383038    503814    339016    441646    371894    423529
             128       4     40035     47528     31777     35163     35784     46495
             128       8     64029     79905     62595     50453     43300     70717
             128      16    121195    174376    134459     73859    111504    125854
             128      32    198781    245168    243279    252430    214765    285599
             128      64    324823    407397    367768    435487    406164    522346
             128     128    400110    723735    633995    549618    533241    673778
             256       4     35585     40101     40615     43249     36399     45650
             256       8     79773     88520     75985     73645     56214     81897
             256      16    128517    142390    126548    132156     93087    130343
             256      32    229196    239044    192192    203329    146870    224782
             256      64    319965    413485    392764    354627    387379    474098
             256     128    423098    828628    592636    621448    572721    764334
             256     256    666586   1062263    805021    800221    800221   1012194
             512       4     38418     43615     43247     44141     36893     45596
             512       8     70574     82103     77295     84169     65759     88048
             512      16    151339    162949    129688    140507    122665    172035
             512      32    253485    282868    257282    241187    220304    284291
             512      64    445184    451930    365977    341803    285539    459964
             512     128    638408    803757    569653    395644    386112    521891
             512     256    678980   1064266    732478    804962    801059   1051242
             512     512    836636   1207940   1055894   1005938   1030558   1219602
            1024       4     40032     45691     48778     47738     37551     44425
            1024       8     77475     86399     85299     94885     68637     82328
            1024      16    144778    165587    170213    164420    126312    145307
            1024      32    282251    291662    301088    294846    249884    288121
            1024      64    397358    442925    452301    433143    331918    476065
            1024     128    681761    781641    606222    454118    403328    593653
            1024     256    885048   1007781    721139    616844    819837    962391
            1024     512    984676   1129123    983548    885048   1039489   1242467
            1024    1024   1065535   1220575   1161176   1183902   1163693   1294520
            2048       4     39145     41983     49369     49227     38081     44037
            2048       8     81561     82517     96131     93984     73130     85953
            2048      16    152507    165749    173412    193406    136216    165414
            2048      32    277284    309326    292863    313915    198336    305259
            2048      64    412981    472109    508586    517285    357916    519537
            2048     128    651403    627423    600744    619862    523782    753780
            2048     256    892757    983639    814922    690020    644850    961509
            2048     512   1089290   1123483   1078486    920402   1076728   1174964
            2048    1024   1131474   1074439   1184523   1080657   1171598   1240458
            2048    2048   1119675   1297023   1062741    543673   1097501   1289623
            4096       4     39985     44696     50723     50773     38122     44180
            4096       8     76907     85749     95785     97681     72148     84363
            4096      16    143171    156879    174871    179632    138009    168872
            4096      32    293453    297957    329736    329420    228125    290000
            4096      64    475675    448480    575755    505933    300164    539081
            4096     128    737909    801082    813486    773247    540863    766622
            4096     256    947499    904212   1038572    848187    690126    981549
            4096     512   1038510   1110972   1029178    990776   1033574   1147021
            4096    1024   1107963   1175270   1107606   1129006   1161994   1235623
            4096    2048   1132131   1245386   1066423   1115155   1072816   1277997
            4096    4096   1190334   1263057    926697    920047    918424   1264638
            8192       4     39738     43701     49853     49513     37310     42836
            8192       8     78258     82929     97440     95435     74860     85750
            8192      16    149230    158314    179609    184588     96263    157432
            8192      32    273393    297783    333063    336165    193107    293367
            8192      64    439176    531088    542475    557129    350281    471975
            8192     128    712284    747522    875032    840300    548616    653527
            8192     256    942271    904708   1119143   1078737    737494    858160
            8192     512   1068472    955450   1033692    944343    980255   1056481
            8192    1024   1072508   1124196   1205274   1168308   1243305   1194672
            8192    2048   1203628    957234   1199049   1150547   1164468   1161319
            8192    4096   1225391   1226528    916337    912444    921078   1215077
            8192    8192   1291923   1256260    849882    844887    840814   1289886
           16384       4     39874     43063     49024     49509     27293     42668
           16384       8     77288     84944     97437     98100     57212     86967
           16384      16    151747    163128    186052    177764    122755    160622
           16384      32    287150    317323    357261    343343    147920    310720
           16384      64    530690    554955    580088    580602    272240    542517
           16384     128    842885    911280    961114    926328    500364    840504
           16384     256   1234101   1330514   1341632   1336050    791418   1253369
           16384     512   1747839   1838608   1221336   1145328   1236722   1637706
           16384    1024   1962639   2033553   1720102   1542462   1564088   1953933
           16384    2048   2467502   2511327   2115694   2102682   2106744   2463434
           16384    4096   2604312   2718892   2379005   2329252   2368999   2744409
           16384    8192   2797818   2836037   2565231   2461933   2523778   2825310
           16384   16384   2855838   2940901   2663565   2741234   2712560   2951511
           32768      64    519665    556758    609296    594647    286636    563769
           32768     128    842776    921044    948143    929352    504224    910554
           32768     256   1340046   1248108   1350143   1286077    819470   1201780
           32768     512   1753342   1732216   1227859   1184330   1180698   1802506
           32768    1024   2053110   1937784   1626692   1569281   1730167   2168497
           32768    2048   2447937   2567857   2133191   2119538   2134284   2491876
           32768    4096   2659072   2715712   2393414   2384321   2396753   2146484
           32768    8192   2806892   2836084   2569874   2560824   2610584   2803514
           32768   16384   2922069   2950992   2684626   2703426   2741169   2950992
           65536      64    521421    561981    608370    603151    282386    554430
           65536     128    841758    915360    979098    967277    530269    932087
           65536     256   1297280   1323661   1399797   1376889    852200   1270866
           65536     512   1769378   1807089   1148911   1107647   1113651   1821302
           65536    1024   2030615   1941230   1661116   1605531   1597349   1193840
           65536    2048   1196349   1323425    770985   1239429   1294049   1697911
           65536    4096   2408720   2440369   2253729   2187233   1475206   1736010
           65536    8192   1317968   1483318    975990    959321   1084297   1423988
           65536   16384   1292467   1203931    978485    978544   1109314   1261597
          131072      64    334539    375548    458069    479060    126488    319243
          131072     128    429297    451554    924788    936877    310422    398150
          131072     256    414100    444475   1048920   1045364    473252    578188
          131072     512    672822    646586    810833    803515    833605    666941
          131072    1024    764006    762689   1198075   1169743   1229395    760398
          131072    2048    850769    853078   1792581   1779854   1808188    998149
          131072    4096   1090268   1068005   2020345   1998902   1987262   1082721
          131072    8192   1095718   1128452   2100775   2101458   2103983   1102418
          131072   16384   1165260   1153619    984939    970215    998750   1124174
          262144      64    186739     66101    591939    507531    192129     67430
          262144     128    122168    737775    764321    967017    295156    735520
          262144     256    859404    921478   1133149   1119432    482760    849457
          262144     512    931368    929447    872159    829706    865264    962759
          262144    1024   1015747   1034049   1021111   1006206   1014394    952655
          262144    2048    962462    977864    489754    480145    493519    640086
          262144    4096    639745   1016427   2073776   2077553   2091229   1138563
          262144    8192   1134474   1190071   2315391   2310064   2306347   1192279
          262144   16384   1178243   1141423   2636100   2636865   2627802   1220011
          524288      64    359155    434840    444216    552117    187148    445748
          524288     128    511400    513500    374374    690700    299973    635902
          524288     256    768288    786483   1081954   1082019    479277    740396
          524288     512    753300    787480    822003    839545    836979    792599
          524288    1024    802724    888574    631176    578166    679687    945804
          524288    2048    983093   1037317   1813774   1819617   1814709   1032375
          524288    4096    998219   1074831   1140803   1418623    867984   1030930
          524288    8192    990388   1077354    802355   1493186   2527639   1123528
          524288   16384   1069785   1151332   2719009   2751751   2745468   1142660

iozone test complete.