iozone -I -a -g 512M -i 0 -i 1 -i 2

        Iozone: Performance Test of File I/O
                Version $Revision: 3.506 $
                Compiled for 64 bit mode.
                Build: linux-AMD64

        Contributors:William Norcott, Don Capps, Isom Crawford, Kirby Collins
                     Al Slater, Scott Rhine, Mike Wisner, Ken Goss
                     Steve Landherr, Brad Smith, Mark Kelly, Dr. Alain CYR,
                     Randy Dunlap, Mark Montague, Dan Million, Gavin Brebner,
                     Jean-Marc Zucconi, Jeff Blomberg, Benny Halevy, Dave Boone,
                     Erik Habbinga, Kris Strecker, Walter Wong, Joshua Root,
                     Fabrice Bacchella, Zhenghua Xue, Qin Li, Darren Sawyer,
                     Vangel Bojaxhi, Ben England, Vikentsi Lapa,
                     Alexey Skidanov, Sudhir Kumar.

        Run began: Fri Feb  7 23:17:29 2025

        O_DIRECT feature enabled
        Auto Mode
        Using maximum file size of 524288 kilobytes.
        Command line used: iozone -I -a -g 512M -i 0 -i 1 -i 2
        Output is in kBytes/sec
        Time Resolution = 0.000001 seconds.
        Processor cache size set to 1024 kBytes.
        Processor cache line size set to 32 bytes.
        File stride size set to 17 * record size.
                                                                    random    random      bkwd     record     stride
              kB  reclen    write    rewrite      read    reread      read     write      read    rewrite       read    fwrite  frewrite     fread   freread
              64       4     41503     45491     37776     38277     31188     41696
              64       8     77947     77856     71415     60488     56586     84658
              64      16    137320    155722    102699    104052     57755     93148
              64      32    155722    129067    187742    216863    156539    234481
              64      64    373966    503814    357529    432398    395452    438759
             128       4     35904     39470     36290     35557     34539     42035
             128       8     74942     78423     62530     59866     66801     89332
             128      16    134157    172250    102990    106929    140807    145264
             128      32    204849    324039    217373    254947    246632    301815
             128      64    317523    511887    355589    382167    354649    375485
             128     128    370050    836500    612303    640042    576780    666253
             256       4     40757     43797     45047     44078     36006     45951
             256       8     71289     91986     69449     70720     67993     78433
             256      16    137117    156003    120013    119453    142769    142126
             256      32    221262    300111    215100    209641    200332    305491
             256      64    386682    521536    379306    439013    375985    453858
             256     128    570288    864661    592636    635423    591005    794889
             256     256    785584   1190657    672010    880256    836374   1178892
             512       4     41434     41250     43607     48604     37973     45511
             512       8     77448     79196     84391     84683     64753     83618
             512      16    150628    157638    131009    154175    124876    158114
             512      32    270300    322793    230026    250616    150186    251232
             512      64    438727    555938    408670    351136    240808    411174
             512     128    647260    709254    574069    413948    342457    673655
             512     256    881269    990168    839252    876951    748563   1091863
             512     512   1015451   1201856   1055375    958781    994294   1322500
            1024       4     39079     44134     48482     44300     38969     42080
            1024       8     79294     85226     85531     84608     69320     81438
            1024      16    146536    162203    145869    182076    138512    150127
            1024      32    275110    254158    309462    294341    204310    289519
            1024      64    482103    510709    444070    444622    340200    475169
            1024     128    737231    760870    639626    505658    405040    652650
            1024     256    932714   1077836    784640    690975    616844    842843
            1024     512   1119120   1049138   1001903    941918   1055584   1190465
            1024    1024   1097669   1242467   1238168   1242826   1221964   1304348
            2048       4     39269     44524     49190     48980     37992     41898
            2048       8     77172     86289     93708     94938     70774     83476
            2048      16    158197    177809    180457    168894    144114    158574
            2048      32    264943    295818    286629    317971    226296    302560
            2048      64    482233    536408    507445    525931    297026    510460
            2048     128    763020    846565    754641    671676    532649    600576
            2048     256    887407    942932    855161    647085    699460   1031228
            2048     512   1157703   1075650   1122162   1050781   1105837   1086397
            2048    1024   1156456   1137768   1136414   1248753   1224892   1321364
            2048    2048   1271301   1374652   1128946   1134013   1119675   1362658
            4096       4     39327     43425     48479     47572     38869     43338
            4096       8     77471     88993     96784     96914     72432     83620
            4096      16    142633    161815    182295    181182    142465    166552
            4096      32    277484    301486    319371    334038    238100    294398
            4096      64    503014    496000    575524    561473    370440    508253
            4096     128    787857    816114    890249    799852    549583    739625
            4096     256    989862    899055   1030969    845765    736012    927297
            4096     512   1126193   1157064   1092810   1129303   1116097   1195886
            4096    1024    956786   1234114   1226274   1135573   1190747   1261851
            4096    2048   1245748   1253016   1132131   1072816   1133101   1329011
            4096    4096   1246561   1305282    905165    888868    937724   1347355
            8192       4     40111     43212     48295     50334     37563     43427
            8192       8     77435     85970     96577     95743     74378     84891
            8192      16    150311    164389    188192    182218    144703    165833
            8192      32    264334    311529    345786    363138    242222    315952
            8192      64    483559    529639    571065    590456    272430    516782
            8192     128    749021    815046    875768    900110    507021    681013
            8192     256    975469    982357   1183316   1118815    775618    943435
            8192     512   1107778    996488   1078873   1020309   1084457    932831
            8192    1024   1158695   1155461   1187406   1195046   1163285   1158695
            8192    2048   1198715   1096955   1523523   1484362   1508077   1264769
            8192    4096   1247639   1300135   1268691   1247639   1264210   1294551
            8192    8192   1246281   1014255    939334    936543    937847   1333540
           16384       4     39712     43570     49115     48483     34743     42737
           16384       8     77242     85580     95977     95405     51721     83593
           16384      16    148235    158955    183125    178529     95900    164795
           16384      32    285326    306856    356135    346283    195515    300156
           16384      64    484459    518826    599396    582250    356080    503517
           16384     128    751247    945913   1022538   1017511    501544    987337
           16384     256   1401785   1474451   1414743   1405369    809609   1367176
           16384     512   1927733   1937790   1150968   1080447   1176163   1920514
           16384    1024   2276549   2430499   1752296   1725717   1721912   2391756
           16384    2048   2649394   2739376   2168093   2184566   2161206   2581419
           16384    4096   2735669   2736104   2376947   2385860   2388348   2749460
           16384    8192   2817087   2878929   2504463   2504006   2486970   2870391
           16384   16384   2855838   2954303   2579772   2580935   2623601   2798274
           32768      64    531128    571408    616680    624995    294834    551381
           32768     128    910627   1015397   1017668   1007559    523250    950129
           32768     256   1383314   1400340   1514582   1529720    914900   1386832
           32768     512   1900275   1939507   1264936   1168362   1234343   1505803
           32768    1024   2121468   2018851   1624596   1597183   1682572   1950490
           32768    2048   2640020   2539343   2216299   2109842   2229711   2518497
           32768    4096   2766662   2797579   2423121   2377227   2421157   2779081
           32768    8192   2876145   2919958   2607464   2622490   2606821   2227290
           32768   16384   2862070   2947006   2697430   2697165   2688776   2983211
           65536      64    532414    577480    633124    617238    291024    556729
           65536     128    894896    941012    485437   1025071    550490    929364
           65536     256   1348063   1418740   1447923   1457072    906871   1417146
           65536     512   1669966   1864883   1141046   1166685   1187399   1885983
           65536    1024   2040473   1943935   1774209   1624028   1692339   2002260
           65536    2048   1987263   1178091    588849    592902    542054   1259003
           65536    4096   1341661   1638364    881723    723340   1162231   2467268
           65536    8192   1193866   1408923    949069    913380    916458   1334554
           65536   16384   1476767   1358677   1008682   1003398   1012983   1231670
          131072      64    386132    395371    292055    309151     70067    219216
          131072     128    221487    217248    989073    986624    240985    247128
          131072     256    355965    386123   1139400   1133027    528003    368337
          131072     512    426799    426970    900814    886711    920437    475965
          131072    1024    577857    569583   1275888   1297151   1354526    578053
          131072    2048    612483    610466   1781452   1830458   1766426    612156
          131072    4096    643971    643709   1957960   1941922   1975160    642075
          131072    8192    745574    762201   2517279   2518629   2506251    764968
          131072   16384    770916    773765   2513458   2505006   2513654    771692
          262144      64    349135    365663    622782    612310    189475    390249
          262144     128    519971    560406   1011517   1018094    308792    766155
          262144     256    921205    933385   1156582   1151657    535177    945600
          262144     512    976520   1059994    920065    880534    859195    999897
          262144    1024   1000923   1019158   1199535   1260046   1238614   1006330
          262144    2048   1063951   1110803   1541443   1626042   1661210   1112023
          262144    4096   1074383   1155104   2030676   2035959   1026888   1144199
          262144    8192   1087599   1077513    962844   2272104   2019724    437458
          262144   16384    433010    436344   1192549   2561126   2567999   1193348
          524288      64    404419    395907    618619    614547    215039    452927
          524288     128    608716    649052   1024538   1014762    298320    647333
          524288     256    796251    822050    626144    637572    285881    857832
          524288     512    863100    840397    857263    871198    852778    833159
          524288    1024    931277    980710   1240885   1264026   1221694    970797
          524288    2048   1003462   1071797    967346   1650614    938353   1037325
          524288    4096   1015025   1140627    705682   1086406   2229998   1160116
          524288    8192   1122478   1208019   2601911   2599872   2609342   1199637
          524288   16384   1154331   1198153   2549604   2141427    982482   1196860

iozone test complete.