iozone -I -a -g 512M -i 0 -i 1 -i 2

        Iozone: Performance Test of File I/O
                Version $Revision: 3.506 $
                Compiled for 64 bit mode.
                Build: linux-AMD64

        Contributors:William Norcott, Don Capps, Isom Crawford, Kirby Collins
                     Al Slater, Scott Rhine, Mike Wisner, Ken Goss
                     Steve Landherr, Brad Smith, Mark Kelly, Dr. Alain CYR,
                     Randy Dunlap, Mark Montague, Dan Million, Gavin Brebner,
                     Jean-Marc Zucconi, Jeff Blomberg, Benny Halevy, Dave Boone,
                     Erik Habbinga, Kris Strecker, Walter Wong, Joshua Root,
                     Fabrice Bacchella, Zhenghua Xue, Qin Li, Darren Sawyer,
                     Vangel Bojaxhi, Ben England, Vikentsi Lapa,
                     Alexey Skidanov, Sudhir Kumar.

        Run began: Fri Feb  7 23:19:15 2025

        O_DIRECT feature enabled
        Auto Mode
        Using maximum file size of 524288 kilobytes.
        Command line used: iozone -I -a -g 512M -i 0 -i 1 -i 2
        Output is in kBytes/sec
        Time Resolution = 0.000001 seconds.
        Processor cache size set to 1024 kBytes.
        Processor cache line size set to 32 bytes.
        File stride size set to 17 * record size.
                                                                    random    random      bkwd     record     stride
              kB  reclen    write    rewrite      read    reread      read     write      read    rewrite       read    fwrite  frewrite     fread   freread
              64       4     27467     24595     43388     33881     32225     43012
              64       8     75364     86374     63870     56995     55613     82246
              64      16    143793    172095    119847     84980    125978    136205
              64      32    256923    318502    238015    168847    246314    272300
              64      64    444572    435909    415659    353760    378715    457452
             128       4     40531     45664     36855     38198     35545     43199
             128       8     74671     77674     61597     59980     53688     79256
             128      16    118966    158987    121551     74073     97705    125972
             128      32    224556    288360    241419    266198    206742    291491
             128      64    353715    531131    407707    443033    438331    385736
             128     128    481582    859260    603357    529038    606767    727658
             256       4     36352     42215     39831     35574     22743     44002
             256       8     73014     81791     69453     74072     65725     81897
             256      16    116624    170657    137857    127692    109122    150599
             256      32    204490    331115    223379    203021    187134    301544
             256      64    399337    510866    366239    421768    371048    511109
             256     128    602276    828628    576411    619655    608074    817898
             256     256    721210   1230218    826078    612584    807442   1128110
             512       4     40040     47530     45089     43711     37476     42223
             512       8     80160     82421     85591     77788     66883     89494
             512      16    130619    135378    137819    161152    111645    162027
             512      32    258832    306223    278864    255233    155583    277638
             512      64    396961    417651    403146    351136    266245    425597
             512     128    680918    863203    524056    393253    337505    580431
             512     256    829526   1125040    754083    893368    748563    924123
             512     512    835334   1135150   1071167   1115688   1014013   1122687
            1024       4     41022     44745     47173     49786     36398     43184
            1024       8     74559     80560     92252     87649     71935     91683
            1024      16    149074    176039    166640    165135    131413    164050
            1024      32    293476    287234    297851    277815    176792    294846
            1024      64    450121    568583    484824    402233    338058    472972
            1024     128    566632    823926    552634    479627    447354    694775
            1024     256    892775   1032244    696578    658959    808722    947111
            1024     512   1035479   1199106   1098792    897438   1020956   1137496
            1024    1024   1178380   1281389   1233900   1189476   1199106   1333093
            2048       4     39852     43680     47092     49941     37864     42892
            2048       8     76732     81691     93069     97324     74450     82844
            2048      16    153636    174880    161526    182870    130295    167006
            2048      32    292156    318206    314640    311762    240770    305944
            2048      64    479729    531693    487515    535271    354197    490410
            2048     128    694483    846648    684249    609137    470145    765604
            2048     256    888876    910258    904126    638571    654331    937785
            2048     512   1018391   1035954    995610   1058942   1022391   1159735
            2048    1024   1169684   1194904   1199744   1235107   1220368   1301149
            2048    2048   1254773   1220541   1094565   1083109   1123336   1355348
            4096       4     39620     44484     48842     49243     38030     43270
            4096       8     75131     87145     92715     96637     63154     85568
            4096      16    151597    168671    190966    198680    140072    169592
            4096      32    275716    277449    315656    351745    237380    297369
            4096      64    487790    527770    569760    561473    390879    496301
            4096     128    766622    850328    780519    748649    518030    678140
            4096     256    993928   1040081   1053733    939879    738131    957693
            4096     512   1131534   1037193   1065563    940960   1103763   1086521
            4096    1024   1154498   1173664   1241247   1171343   1204015   1123468
            4096    2048   1225574   1295439   1177687   1099243   1148939   1275624
            4096    4096   1241158   1338954    929002    893909    934307   1348730
            8192       4     39604     43689     48256     47640     28233     42816
            8192       8     78748     83941     94226     94744     61927     86132
            8192      16    152588    161221    182539    179495    133790    157284
            8192      32    280556    323935    344725    339480    254560    313942
            8192      64    479343    512191    602307    632440    406432    517919
            8192     128    698669    792634    936237    909497    567903    824472
            8192     256    962085    952563   1046888    984017    626113    872233
            8192     512   1027202    997791    982498    904875   1027479   1123572
            8192    1024   1150740   1074487   1189996   1142513   1216540    940852
            8192    2048   1252779   1208624   1101986   1088201   1142058   1232998
            8192    4096   1290903   1299889    925021    926692    933034   1273441
            8192    8192   1318546   1356066   1560047   1559480   1540739   1325361
           16384       4     39717     43696     48763     48727     30553     42645
           16384       8     76424     83567     95320     96102     63598     83085
           16384      16    152480    168111    187406    185776     90133    162499
           16384      32    280370    299278    334893    351150    169397    296629
           16384      64    482222    505759    580642    609070    296956    520938
           16384     128    762822    787996    941932    921854    486300    704961
           16384     256    973904    924657   1074433   1034483    540813    868352
           16384     512   1104942   1051547    947543    888700    928004    942372
           16384    1024   1160492   1094977   1271269   1211026   1249358   1027461
           16384    2048   1207536   1177614   1222509   1228366   1252021   1192967
           16384    4096   1289252   1268102   1594537   1575708   1553867   1268500
           16384    8192   1307477   1137686   1357641   1349589   1355953   1290172
           16384   16384   1297039   1144222   1173131   1168027   1167630   1317252
           32768      64    475332    531155    608032    548363    210035    419001
           32768     128    623283    657902    818791    778339    356748    647692
           32768     256    890432    871976   1065452   1056622    506898    867337
           32768     512   1061347    970992    886480    831150    862747    932498
           32768    1024   1115351   1045196   1202674   1134042   1158328   1064347
           32768    2048   1216879   1113616   1489662   1429618   1441055   1084854
           32768    4096   1265869   1269728   1395562   1389116   1395208   1162148
           32768    8192   1202674   1296914   1768845   1764961   1762946   1195341
           32768   16384   1203685   1289274   1529567   1530725   1531646   1214663
           65536      64    468636    402180    482904    478788    196250    420806
           65536     128    623914    649720    842765    816606    277117    704060
           65536     256    938480    954461   1158352   1124080    584188    928206
           65536     512   1029806   1044016    846784    870115    832943    958885
           65536    1024   1057101   1003505   1316277   1259481   1270008   1086204
           65536    2048   1146051   1147961   1701568   1589562   1611130   1134350
           65536    4096   1214480   1207236   1845712   1812643   1848579   1212530
           65536    8192   1168326   1358657   1988356   2066723   2055456   1217665
           65536   16384   1241657   1246737   1763758   1787430   1763622   1252218
          131072      64    401963    417900    480326    482921    220633    505069
          131072     128    734844    772843   1009589   1037085    324997    776125
          131072     256    934080    942571   1139329   1148334    554757    928561
          131072     512   1042919   1019032    908253    901322    880818   1066110
          131072    1024   1039297   1049928   1205103   1194605   1211733   1026236
          131072    2048   1138954   1130127   1782249   1774357   1785943   1149886
          131072    4096   1195290   1178737   2124793   2100815   2109101   1177263
          131072    8192   1218096   1232482   2266428   2273035   2258226   1226301
          131072   16384   1220069   1221226   2347068   2358052   2333856   1224995
          262144      64    382459    394491    264253    286650    220370    468929
          262144     128    650967    679006   1015436   1021784    309889    679159
          262144     256    839188    868881   1158447   1142239    523090    880606
          262144     512    872728    904131    896136    923282    848824    866686
          262144    1024    975168   1002493   1292254   1261016   1275707   1011194
          262144    2048   1044323   1097200   1845735   1900133   1900005   1114561
          262144    4096   1110784   1182634   2217442   2239724   2238042   1182704
          262144    8192   1136101   1187171   2293574   2306894   2299671   1193408
          262144   16384   1176129   1220028   2374945   2369362   2370046   1205026
          524288      64    404368    373410    464137    616691    215875    446546
          524288     128    535651    564345    824314    826114    265690    552499
          524288     256    708745    705235    739502    499681    314218    798295
          524288     512    808840    797595    852808    852789    823264    778124
          524288    1024    891161    942960   1275016   1251328   1235025    952149
          524288    2048    943914   1030300   1883744   1881334   1872924   1026614
          524288    4096   1035096   1068754   1035524    674520    777884   1054207
          524288    8192    996362   1124309   2027134   2522944   2523552    605460
          524288   16384    581578    601424   1063046   2630279   1749160    586365

iozone test complete.