iozone -I -a -g 512M -i 0 -i 1 -i 2

        Iozone: Performance Test of File I/O
                Version $Revision: 3.506 $
                Compiled for 64 bit mode.
                Build: linux-AMD64

        Contributors:William Norcott, Don Capps, Isom Crawford, Kirby Collins
                     Al Slater, Scott Rhine, Mike Wisner, Ken Goss
                     Steve Landherr, Brad Smith, Mark Kelly, Dr. Alain CYR,
                     Randy Dunlap, Mark Montague, Dan Million, Gavin Brebner,
                     Jean-Marc Zucconi, Jeff Blomberg, Benny Halevy, Dave Boone,
                     Erik Habbinga, Kris Strecker, Walter Wong, Joshua Root,
                     Fabrice Bacchella, Zhenghua Xue, Qin Li, Darren Sawyer,
                     Vangel Bojaxhi, Ben England, Vikentsi Lapa,
                     Alexey Skidanov, Sudhir Kumar.

        Run began: Sat Feb  8 22:02:59 2025

        O_DIRECT feature enabled
        Auto Mode
        Using maximum file size of 524288 kilobytes.
        Command line used: iozone -I -a -g 512M -i 0 -i 1 -i 2
        Output is in kBytes/sec
        Time Resolution = 0.000001 seconds.
        Processor cache size set to 1024 kBytes.
        Processor cache line size set to 32 bytes.
        File stride size set to 17 * record size.
                                                                    random    random      bkwd     record     stride
              kB  reclen    write    rewrite      read    reread      read     write      read    rewrite       read    fwrite  frewrite     fread   freread
              64       4     11738     11922     10829     12089     11389     11550
              64       8     21992     23163     23661     21940     24521     23113
              64      16     45033     48596     46108     44815     47128     48817
              64      32     92506     93440     77207     81029     64592    101265
              64      64    179819    198135    209747    121694    175815    167061
             128       4     11698     11831     11876     11899     11534     11413
             128       8     22385     23597     22983     22523     21932     23682
             128      16     48595     51927     47671     48485     42751     42909
             128      32    102813     92138     82904     89198     79256     91697
             128      64    182311    166275    211216    188786    145461    183432
             128     128    353482    401307    415597    366763    281850    325611
             256       4     11245     11346     11677     12061     11350     11808
             256       8     25012     23042     22491     24348     22367     23896
             256      16     47274     43783     45405     47610     45382     45197
             256      32     90904     98763     84996     94562     78046     93565
             256      64    166890    216227    182739    167306    168197    153681
             256     128    339061    358056    357460    332860    249312    294272
             256     256    679237    709299    768712    684432    618227    414123
             512       4     11710     11506     11886     11841     11624     11875
             512       8     23201     23518     23188     23885     23489     23666
             512      16     47961     45600     46093     47175     45661     46851
             512      32     96425     94900     90941     91150     85619     92453
             512      64    138486    148493    160706    173033    152197    170100
             512     128    320003    389685    326077    317027    279918    364177
             512     256    664073    707152    608903    509026    436497    545350
             512     512   1225169   1282994    942786    879825    828566    485328
            1024       4     11210     11731     11823     11884     11745     11901
            1024       8     23336     23766     23640     23494     23771     23022
            1024      16     46469     47383     46467     47108     47466     47690
            1024      32     96213     92137     91478     95325     89596     94031
            1024      64    193207    186690    188096    193059    176734    172420
            1024     128    341798    348057    362083    357175    293175    356168
            1024     256    652650    729344    574592    640389    529993    670585
            1024     512   1229309   1244266   1251882    887425    756848   1130312
            1024    1024   1503942   1515083   1855433   2160657   1684429   1537317
            2048       4     11597     11763     11948     11984     11844     11857
            2048       8     23099     23857     24070     24068     23628     23404
            2048      16     46438     48036     47192     47641     46974     46359
            2048      32     94329     91513     93425     92301     90796     94635
            2048      64    188096    180902    173959    186280    174802    186454
            2048     128    270721    353643    338963    352497    324812    341618
            2048     256    626874    652442    638001    641001    591560    648698
            2048     512   1268859   1146730   1170321   1227869    856953   1162246
            2048    1024   1846580   1417292   1624172   2091634   1259557   1598780
            2048    2048   1569280   1754908   1647852   1861789    956583   1801275
            4096       4     11479     11270     11902     11866     12283     12276
            4096       8     23547     24133     25000     25375     24976     24421
            4096      16     45493     44877     49348     50235     50086     47120
            4096      32     76837     85452     99576     99938     96635     84701
            4096      64    139310    146431    195679    195259    188322    138196
            4096     128    197633    230188    372359    370409    370377    250977
            4096     256    268852    301974    713070    692965    624204    410296
            4096     512    334474    364607   1166650   1282002   1005387    411239
            4096    1024   1496008   1332929   1837653   1773166   1315375   1624143
            4096    2048   1334689   1650988   2283098   2888923   2097457   1806732
            4096    4096   1090175   1389416   1813981   1696139    972657   1427633
            8192       4     10905     10142      9914     10428      9623      9853
            8192       8     17658     20050     19298     19934     18964     19213
            8192      16     33489     38775     37278     37574     36795     37428
            8192      32     64260     86078     74895     77850     73378     80692
            8192      64    117303    172183    141037    145544    139830    165518
            8192     128    222797    325259    252831    263697    250848    334434
            8192     256    412111    608386    403824    474511    448386    597999
            8192     512    686154   1057326    647590    827470    801340   1012104
            8192    1024   1436215   1382418    980116   1433937   1311350   1622440
            8192    2048   1212205   1508077   1214004   1693615   1464933   1964108
            8192    4096    567856   1819245   1558631   1532972    807252   2148987
            8192    8192   1278178   1139671   1371930    527630    945174   1381695
           16384       4     11338     11583     10221     10568      9565     11374
           16384       8     21951     23071     20084     20922     19293     24700
           16384      16     40102     39588     36705     38718     34722     39961
           16384      32     73316     76760     68382     73137     67138     90219
           16384      64    166702    182092    134225    146695    130046    178868
           16384     128    328212    352299    243712    264466    249334    343688
           16384     256    615618    669038    440442    479276    455416    660511
           16384     512   1032385   1168543    661261    776054    750009   1215245
           16384    1024   1860108   1578712    940476   1184842   1101294   1714908
           16384    2048   1729888   1961239   1240271   1615301   1382162   2079458
           16384    4096    988416   1109348   1844629   1122265   1654622   1684391
           16384    8192   1179899   2061431   1338991    997440   1034140   1443783
           16384   16384   1453279   1549627   1454047   1349589   1171611   1589300
           32768      64    179638    183753    141854    146144    128336    183424
           32768     128    340906    354993    254804    261495    243046    349588
           32768     256    631938    666300    441896    448392    437005    676296
           32768     512   1077008   1162935    695179    729898    723405   1156652
           32768    1024   1735958   1580015   1041276   1066800    982606   1626211
           32768    2048   1734030   1966734   1272785   1396640   1495709   1990143
           32768    4096   1572279   1355509   1577205   1862548   1426546   1715075
           32768    8192   1157928   1402326   1145861   1450882   1206919   1344556
           32768   16384   1224239   1495839   1221768   1564690   1643420   1538401
           65536      64    180246    182805    143744    146361    125130    183949
           65536     128    340293    351627    234998    189968    128794    370932
           65536     256    702247    749264    144889    156728    257554    752154
           65536     512   1234148   1278401    688901    713588    697399   1138985
           65536    1024   1039594   1027612   1024624   1052467   1039248   1016944
           65536    2048   1238608   1159970   1243381   1297176   1238608   1087609
           65536    4096   1088259   1081201   1344213   1430040   1447893   1083041
           65536    8192   1126766   1152060   1455383   1614783   1634720   1147941
           65536   16384   1055859   1045128   1394860   1645849   1680534   1043917
          131072      64    176947    181850    137039    137177    100026    182285
          131072     128    342303    346727     95766    170415    183405    343201
          131072     256    461804    463464    382169    389572    329390    454092
          131072     512    432566    430870    540835    539038    537440    431895
          131072    1024    429244    426128    692001    630978    735553    417530
          131072    2048    550461    755563   1166120   1156113   1158207    759221
          131072    4096    769549    781087   1448392   1508673   1462743    757487
          131072    8192    784951    808008   1558287   1562295   1570722    805412
          131072   16384    722124    736264   1570947   1694597   1671047    981223
          262144      64    146833    148220    137729    137734     96536    149523
          262144     128    298272    302197    241833    242741    173431    304569
          262144     256    658939    672588    380124    381192    324392    670946
          262144     512   1128636   1115089    560775    561023    549048   1121879
          262144    1024   1011556   1012318    799636    834715    833669   1006445
          262144    2048   1136850   1153219   1131446   1117866   1161970   1134217
          262144    4096   1082319   1018925   1475555   1515589   1437625   1084875
          262144    8192   1101533   1170699   1576456   1579635   1573822   1157322
          262144   16384   1086597   1088226   1636090   1738746   1693897   1093012
          524288      64    147350    149364    132767    129957     98622    181627
          524288     128    346014    351758    228997    239601    174850    353302
          524288     256    663253    671099    317401    345437    326744    629784
          524288     512   1097341   1091374    541065    550387    547979   1077894
          524288    1024   1034125   1027699    653749    532510    340967    709118
          524288    2048    978342   1134302   1160768   1159441   1149575   1106517
          524288    4096   1082320   1077628   1488165   1562766   1540179   1036074
          524288    8192   1067372   1075039   1290313   1301758   1358744   1072213
          524288   16384   1080602   1084792   1465609   1451203   1402176   1043940

iozone test complete.