iozone -I -a -g 512M -i 0 -i 1 -i 2

        Iozone: Performance Test of File I/O
                Version $Revision: 3.506 $
                Compiled for 64 bit mode.
                Build: linux-AMD64

        Contributors:William Norcott, Don Capps, Isom Crawford, Kirby Collins
                     Al Slater, Scott Rhine, Mike Wisner, Ken Goss
                     Steve Landherr, Brad Smith, Mark Kelly, Dr. Alain CYR,
                     Randy Dunlap, Mark Montague, Dan Million, Gavin Brebner,
                     Jean-Marc Zucconi, Jeff Blomberg, Benny Halevy, Dave Boone,
                     Erik Habbinga, Kris Strecker, Walter Wong, Joshua Root,
                     Fabrice Bacchella, Zhenghua Xue, Qin Li, Darren Sawyer,
                     Vangel Bojaxhi, Ben England, Vikentsi Lapa,
                     Alexey Skidanov, Sudhir Kumar.

        Run began: Sat Feb  8 22:05:55 2025

        O_DIRECT feature enabled
        Auto Mode
        Using maximum file size of 524288 kilobytes.
        Command line used: iozone -I -a -g 512M -i 0 -i 1 -i 2
        Output is in kBytes/sec
        Time Resolution = 0.000001 seconds.
        Processor cache size set to 1024 kBytes.
        Processor cache line size set to 32 bytes.
        File stride size set to 17 * record size.
                                                                    random    random      bkwd     record     stride
              kB  reclen    write    rewrite      read    reread      read     write      read    rewrite       read    fwrite  frewrite     fread   freread
              64       4     11030     11169     11678     12096     11400     11743
              64       8     23452     22369     24288     24159     21637     22316
              64      16     42082     40507     45584     46203     42301     46783
              64      32     71112    103690    106869     94826     94260     94260
              64      64    194545    182385    191083    171655    178741    178266
             128       4     11783     12019     11710     11830     11435     12200
             128       8     22792     22735     23720     23285     23083     23226
             128      16     53602     45150     44213     48985     43363     46278
             128      32    100862     98765     89630     95890     80662     83770
             128      64    197538    180776    186296    191616    160173    149512
             128     128    369795    400110    312169    355589    366763    254947
             256       4     11929     11879     11900     11809     11811     12074
             256       8     23396     23255     23215     23380     23360     24112
             256      16     50915     45853     47328     47469     41606     44513
             256      32     97006     92589     92453     88309     91004     92152
             256      64    183897    148927    186484    187690    158795    175367
             256     128    346949    344500    339920    340891    228173    352647
             256     256    539079    744204    721210    713067    695516    495084
             512       4     11834     12227     11785     11797     11716     11715
             512       8     23550     23642     23373     23710     23727     23876
             512      16     49449     46055     46617     47032     46179     46385
             512      32    100769     97427     93999     98554     90895     93037
             512      64    193487    200703    182271    181946    163894    180281
             512     128    357032    320194    374008    312961    336659    340664
             512     256    500018    760762    698640    605982    648041    659788
             512     512   1199171   1001715   1261144    957072    399992   1222379
            1024       4     11589     11941     11767     11947     12046     11992
            1024       8     23528     23775     24004     24169     23528     24046
            1024      16     45289     47702     46895     47451     47631     47424
            1024      32     89603     94378     92963     92686     91600     91879
            1024      64    173943    175313    178053    182626    166234    180796
            1024     128    375243    303750    318598    342834    321508    356050
            1024     256    682195    640771    610965    650180    541486    468228
            1024     512   1178380   1017811   1068983   1210598    864908   1178380
            1024    1024   1221964   1635675   1845071   2165014   1815435   2082099
            2048       4     11735     11890     11997     11856     11902     11858
            2048       8     23073     23762     23739     23838     23832     23864
            2048      16     45475     47230     47820     47505     47511     46873
            2048      32     88477     95402     94735     89178     91640     92557
            2048      64    176795    183084    183233    181238    178957    188599
            2048     128    318407    358051    339418    348832    353774    368211
            2048     256    678145    665586    658949    683378    580330    656632
            2048     512   1218982   1359854   1206145   1277540   1113002   1174321
            2048    1024   2021729   2113766    674789   2107025   1900089   1926510
            2048    2048    499769   1820362   2872113   2670330    553660   2615847
            4096       4     11529     11820     11918     12016     11913     10771
            4096       8     22980     23711     23907     23526     23883     22038
            4096      16     45348     46401     47808     48059     47034     44600
            4096      32     87497     88451     90463     95335     94816     87744
            4096      64    171905    171560    182906    190026    181632    168776
            4096     128    276013    320222    350832    358610    341332    368913
            4096     256    553371    500363    651078    666459    652437    675022
            4096     512    828952    795187   1104331   1274867   1032270   1032766
            4096    1024   1207570   1946770   1915727   2146730   1271282   1976786
            4096    2048   1028130   1299064   2894765   2595614    754071   2356697
            4096    4096   1689800   1460773   1469645   1473932    595514   1095808
            8192       4     11455     11356     10862     11205     10874     10965
            8192       8     19344     23030     20860     21788     20616     19982
            8192      16     31685     38007     35426     37523     37782     37619
            8192      32     62101     75686     71221     74798     76809     71905
            8192      64    122110    141438    134911    142007    139478    140252
            8192     128    253002    277949    249012    268519    265199    255569
            8192     256    433119    567200    420062    488461    465693    526240
            8192     512    604575   1126666    654623    835478    824908   1195586
            8192    1024    949798   1294746    785871   1183153   1156901   1102552
            8192    2048    813425    992602   1101386   1685887   1115293   1222122
            8192    4096    828328   1247231    917365   1016506    719925   1310499
            8192    8192    725596   1305520    786105    850492    502116   1152516
           16384       4     11608     11763     10474     10851      9710     11433
           16384       8     19033     20408     18989     19510     17946     20234
           16384      16     37220     39297     37344     38255     34913     39626
           16384      32     73014     78134     68771     73058     66565     76024
           16384      64    141689    148838    122097    135320    125391    153759
           16384     128    321173    352456    251049    267222    262291    350468
           16384     256    623301    661981    441021    481529    465308    660511
           16384     512   1034732   1209257    686557    760130    716023   1167114
           16384    1024   1855287   1713967   1021125   1212201   1132512   2078138
           16384    2048   2085011   1911592   1344598   1552428   1577480   2698288
           16384    4096   1111447   1799843   1351473   1847506   1166698   1478416
           16384    8192    845624   1027276   1405283    771489   1335193    993575
           16384   16384    871203   1667753   1694149   1425957   1419653   1551832
           32768      64    179901    180927    144523    147061    127072    181842
           32768     128    337845    350718    258592    259429    243816    349030
           32768     256    641429    669471    444178    465084    446657    665761
           32768     512   1102220   1230762    715537    735814    714117   1207587
           32768    1024   1757558   2032495   1050725   1170871   1029314   1627578
           32768    2048   1695107   2092464   1332085   1418537   1312670   1877483
           32768    4096   1349812   1213944   1335826   1350316   1213098   1380632
           32768    8192    895765   1131726   1553793   1433734   1268170   1001808
           32768   16384   1141663   1344661   1222094   1298360   1331104   1262636
           65536      64    176786    180691    145416    147862    124849    182648
           65536     128    342557    348629    262957    264139    240899    345122
           65536     256    657669    669390    447561    455556    437995    684305
           65536     512   1150117   1222800    688013    700656    704369   1207544
           65536    1024   1927023   2075383   1016959    945547    986601   1948675
           65536    2048   1885336   2406401   1377241   1514613   1413110   1686079
           65536    4096   1182576   1150883    501542    613368    476795   1111134
           65536    8192    958381    916394    528681    538079    530050    836591
           65536   16384    928733   1014332    658124    736318    721237   1061760
          131072      64    180982    183796    116856    139435    102008    183321
          131072     128    347114    354588    223803    227462    181284    353155
          131072     256    662144    674290    379719    385937    337363    673338
          131072     512   1059809   1128422    556793    570262    538415   1147783
          131072    1024   1052102   1057475    792871    843741    845865   1002149
          131072    2048   1116627   1085491   1072874   1103883   1113423   1129493
          131072    4096   1070140   1064067   1422885   1449557   1420606   1164929
          131072    8192   1132861   1124590   1440668   1477684   1497691   1143742
          131072   16384   1178325   1146265   1711548   1750425   1561665   1083337
          262144      64    147073    149960    134669    145618     98293    182563
          262144     128    346633    351912    238795    195237    172878    351244
          262144     256    662625    672200    391562    382302    324822    673860
          262144     512   1116042   1123263    553331    535862    537428   1121064
          262144    1024   1026176   1021728    710045    719132    555296    847388
          262144    2048   1051942   1058141    372909    405377    660348   1114481
          262144    4096   1066171   1141792   1580619   1720253   1600311   1106849
          262144    8192   1023228   1116115   1485293   1452217   1524590   1052064
          262144   16384   1051541   1095960   1298063   1295868   1326168   1044602
          524288      64    179992    178370    136637    136781     99020    149652
          524288     128    300737    307246    244088    230133    173720    380391
          524288     256    720910    603833    384857    391326    302234    599043
          524288     512   1085514   1026922    282749    351040    547261   1096598
          524288    1024   1046065   1017232    776024    768260    788356   1014828
          524288    2048   1096422   1137653   1135592   1132998   1127607   1115727
          524288    4096   1114081   1104112   1527271   1557923   1529642   1138407
          524288    8192   1099897   1120929   1510233   1513904   1463596   1016820
          524288   16384   1077968   1092216    936817    662633    699440    999239

iozone test complete.