iozone -I -a -g 512M -i 0 -i 1 -i 2

        Iozone: Performance Test of File I/O
                Version $Revision: 3.506 $
                Compiled for 64 bit mode.
                Build: linux-AMD64

        Contributors:William Norcott, Don Capps, Isom Crawford, Kirby Collins
                     Al Slater, Scott Rhine, Mike Wisner, Ken Goss
                     Steve Landherr, Brad Smith, Mark Kelly, Dr. Alain CYR,
                     Randy Dunlap, Mark Montague, Dan Million, Gavin Brebner,
                     Jean-Marc Zucconi, Jeff Blomberg, Benny Halevy, Dave Boone,
                     Erik Habbinga, Kris Strecker, Walter Wong, Joshua Root,
                     Fabrice Bacchella, Zhenghua Xue, Qin Li, Darren Sawyer,
                     Vangel Bojaxhi, Ben England, Vikentsi Lapa,
                     Alexey Skidanov, Sudhir Kumar.

        Run began: Sat Feb  8 22:09:00 2025

        O_DIRECT feature enabled
        Auto Mode
        Using maximum file size of 524288 kilobytes.
        Command line used: iozone -I -a -g 512M -i 0 -i 1 -i 2
        Output is in kBytes/sec
        Time Resolution = 0.000001 seconds.
        Processor cache size set to 1024 kBytes.
        Processor cache line size set to 32 bytes.
        File stride size set to 17 * record size.
                                                                    random    random      bkwd     record     stride
              kB  reclen    write    rewrite      read    reread      read     write      read    rewrite       read    fwrite  frewrite     fread   freread
              64       4     12326     11232     11577     10942     10906     11636
              64       8     22614     23827     22783     21447     24280     21073
              64      16     47054     47554     47095     45383     48932     43304
              64      32     87930    103570    107039     95095     87075     94692
              64      64    145115    160374    188798    185536    176392    172427
             128       4     11893     11935     11143     11738     10854     11404
             128       8     25292     23529     22602     23581     21963     23805
             128      16     51263     50312     44583     45421     46410     46095
             128      32     89317     94257     87015     97104     85737     84655
             128      64    193899    203529    177783    149346    173699    180533
             128     128    292922    296318    357721    363535    322482    349797
             256       4     12054     11816     11415     11285     11280     11979
             256       8     23900     22727     21932     24198     23635     23488
             256      16     47941     44583     46630     46109     43485     46400
             256      32     90239     94671     89450     88063     93192     92287
             256      64    184561    182336    164638    191029    177161    183929
             256     128    256765    307327    288267    296302    229196    300111
             256     256    648079    592309    563997    591330    455398    556398
             512       4     10553     10768     10867     10884     10702     10860
             512       8     20472     20706     21573     22312     20460     20987
             512      16     39677     41745     41836     44035     39909     43485
             512      32     78384     83385     78467     82902     81437     84265
             512      64    160706    160742    147635    158863    144060    150280
             512     128    302982    279809    259238    295275    222035    290718
             512     256    665101    670082    519241    612550    492338    602412
             512     512   1179413   1224470   1171691   1261144    707152    848872
            1024       4     10415     10921     10384     11151     11122     10830
            1024       8     21227     21387     21817     21348     20074     21052
            1024      16     40006     42507     43124     41639     41646     42020
            1024      32     80968     78933     80338     86013     78551     77664
            1024      64    157199    152040    148811    158615    147675    147955
            1024     128    329904    285478    295698    303943    276082    250979
            1024     256    601973    553845    546169    602734    509921    547003
            1024     512   1046071   1132697   1163693   1139005    660987    899129
            1024    1024    766985   1907343   1852232   2138070    895194   1899750
            2048       4     10550     10550     10700     10624     10778     10813
            2048       8     20717     21845     22061     21206     21575     20957
            2048      16     42161     43393     43414     43788     41491     41569
            2048      32     80282     83087     84168     84655     78401     82008
            2048      64    158404    152789    147944    153950    139225    153740
            2048     128    286161    299240    294722    304663    270866    286390
            2048     256    374945    587836    556061    579977    494703    605402
            2048     512    986463   1136414   1036955   1216049    991359   1168888
            2048    1024   1312882   1865428   2000075   2079481   1197069   1394061
            2048    2048    920007   2025543   1430271   1431225   1446407   2576615
            4096       4     10343     10167     11104     11002     11151     10669
            4096       8     20587     20832     22189     21356     21994     21170
            4096      16     38045     38947     42816     42280     42309     40755
            4096      32     71227     69273     81909     83311     83353     70563
            4096      64    121420    115542    150163    152681    153522    129430
            4096     128    194031    202252    286274    292071    297585    225041
            4096     256    285238    281920    547307    543154    531394    357357
            4096     512    382694    403872   1121562   1102276   1003918    426714
            4096    1024    420747    441371   1455081   1747554   1683507   1824383
            4096    2048   1605624   2071909   1698991   1684167   1106750   2297447
            4096    4096   1804455   1757925   1392683   1561549   1396532   1398920
            8192       4     10296     10221     10012     10268      9861      9736
            8192       8     17884     19632     19354     19713     18946     19248
            8192      16     33150     37493     37350     38940     37094     37931
            8192      32     62711     75048     75137     74884     74248     73527
            8192      64    118833    148070    143756    145607    143091    134389
            8192     128    222771    288745    244579    247171    248099    289951
            8192     256    391529    556633    386560    444275    440572    577311
            8192     512    612857   1039855    654997    808943    771386   1003678
            8192    1024   1457662   1688704   1036968   1219390   1077181   2060330
            8192    2048   1268270   1630215   1004882   1103579   1375886   1496777
            8192    4096   1492421   1537224   1526976   1179903   1146516   1351797
            8192    8192   1275047   1502274   1457662   1535781    582271   1410509
           16384       4     10200     10281      9739      9862      9169      9703
           16384       8     18967     20070     18880     19222     17825     19960
           16384      16     36964     39109     31151     37691     34458     39918
           16384      32     72896     76804     68769     73709     67667     76006
           16384      64    140164    148784    122153    137002    124091    147786
           16384     128    281811    293452    239438    252757    239714    296204
           16384     256    558455    598326    427980    465560    449420    597540
           16384     512   1044768   1146302    671667    731565    749633   1139989
           16384    1024   1502695   1966177    878970   1034872    980714   1740932
           16384    2048   1219862   1644958   1246774   1409115   1330643   1596575
           16384    4096   1531359   1455834   1444026   1479913   1362621   1425928
           16384    8192   1492707   1334104   1519575   1352937    974885   1437200
           16384   16384   1452756   1344940   1557565    672002    735827   1370365
           32768      64    147556    149849    134262    136562    120704    149762
           32768     128    291000    297469    237805    243130    230963    298485
           32768     256    598732    656384    439786    455123    445041    654599
           32768     512   1118018   1167955    697887    749276    725276   1208129
           32768    1024   1656214   2088331    903147    967152    958465   2076687
           32768    2048   1821256   1943869   1179593   1233689   1191786   2224298
           32768    4096   1598112   1625807   1431971   1319272   1293642   1612209
           32768    8192   1511234   2077723   1155679   1096985   1296877   1247077
           32768   16384   1684387   1402627   1131568   1321721   1083383   1532500
           65536      64    180558    183820    143729    146145    122665    150378
           65536     128    301895    301793    251787    250499    229693    301959
           65536     256    590184    586908    434001    436223    423487    593698
           65536     512   1126258   1184201    664544    707196    665975   1113741
           65536    1024   1917773   1967168    901683    925203    930496   1950127
           65536    2048   1568107   1602779   1155610   1173344   1221273   1664032
           65536    4096   1475072   1478666   1467182    609949    420582   1101389
           65536    8192   1136931   1103113    486880    490594    800264   1454158
           65536   16384   1231185   1165705    616079    567440    617843   1074661
          131072      64    147301    149541    132997    133228     98018    150367
          131072     128    295956    304013    204295    234250    179794    302039
          131072     256    586029    600206    391650    395392    332082    596915
          131072     512    805224    806800    197717    189247    270756    385310
          131072    1024    397357    395809    663198    688099    691017    386207
          131072    2048    423556    423599   1105363   1082032   1090603    422136
          131072    4096    418781    432801   1181265    756142   1330303    426387
          131072    8192    849681    834613   1404344   1378906   1439118    848445
          131072   16384    801319    786481   1564068   1518092   1466078    796005
          262144      64    147182    149438    137966    132017     98089    149092
          262144     128    299100    302074    238848    235798    167174    292559
          262144     256    546275    572108    371293    382321    311135    608980
          262144     512   1105491   1101353    571710    568465    554156   1063956
          262144    1024   1079829   1058641    662955    659536    706869   1079754
          262144    2048   1192571   1207603    977996   1097939   1100867   1175839
          262144    4096   1180206   1117156   1312307   1330248   1279956   1230729
          262144    8192   1209401   1227794   1474548   1449300   1506228   1235323
          262144   16384   1207013   1196458   1518654   1503739   1503540   1198958
          524288      64    147405    149573    132106    139728    102998    181383
          524288     128    347079    352618    236081    234183    176022    352841
          524288     256    656333    667986    357129    377287    319024    663129
          524288     512   1114737   1127966    550938    531498    538668   1116904
          524288    1024   1056012   1066703    707872    712175    714146   1082399
          524288    2048   1093802   1097962    963584    908454    554967   1042416
          524288    4096    963350   1006305    891803   1334249   1304848   1125346
          524288    8192   1156355   1141911   1308315   1226542   1265228   1143587
          524288   16384   1126256   1108799   1247535   1267681   1223936   1148397

iozone test complete.