user02@vm01:/mnt/nfs_share$ iozone -I -a -g 512M -i 0 -i 1 -i 2

        Iozone: Performance Test of File I/O
                Version $Revision: 3.506 $
                Compiled for 64 bit mode.
                Build: linux-AMD64

        Contributors:William Norcott, Don Capps, Isom Crawford, Kirby Collins
                     Al Slater, Scott Rhine, Mike Wisner, Ken Goss
                     Steve Landherr, Brad Smith, Mark Kelly, Dr. Alain CYR,
                     Randy Dunlap, Mark Montague, Dan Million, Gavin Brebner,
                     Jean-Marc Zucconi, Jeff Blomberg, Benny Halevy, Dave Boone,
                     Erik Habbinga, Kris Strecker, Walter Wong, Joshua Root,
                     Fabrice Bacchella, Zhenghua Xue, Qin Li, Darren Sawyer,
                     Vangel Bojaxhi, Ben England, Vikentsi Lapa,
                     Alexey Skidanov, Sudhir Kumar.

        Run began: Sat Feb  8 22:30:57 2025

        O_DIRECT feature enabled
        Auto Mode
        Using maximum file size of 524288 kilobytes.
        Command line used: iozone -I -a -g 512M -i 0 -i 1 -i 2
        Output is in kBytes/sec
        Time Resolution = 0.000001 seconds.
        Processor cache size set to 1024 kBytes.
        Processor cache line size set to 32 bytes.
        File stride size set to 17 * record size.
                                                                    random    random      bkwd     record     stride
              kB  reclen    write    rewrite      read    reread      read     write      read    rewrite       read    fwrite  frewrite     fread   freread
              64       4      1142      1152      4331      3849      3928       991
              64       8      1988      2022      8276      8153      8234      1983
              64      16      4337      4212     17405     16588     16020      4354
              64      32      8062      8447     35261     39332     32160      8368
              64      64     15682     16516     62736     75555     46508     15256
             128       4      1002      1016      3870      4355      4511      1004
             128       8      1980      2024      8686      8651      8265      2055
             128      16      4009      3969     15831     16334     14946      3942
             128      32      9032      8865     22930     32136     31365      8764
             128      64     14943     15371     57066     51593     53352     15332
             128     128     24450     26528     87971     94873     91028     26122
             256       4       994       994      4528      4388      4299      1117
             256       8      2238      2224      7697      8818      8641      2195
             256      16      3956      3997     15299     15858     16333      4430
             256      32      7894      7515     29286     30284     30227      7988
             256      64     17852     17797     58220     52836     55508     16885
             256     128     28290     30977     89952    104839     93022     29770
             256     256     42715     47521    128134    174484    177161     35571
             512       4       996      1120      4320      4272      4272       963
             512       8      1934      1976      9171      8936      8494      2015
             512      16      4236      4174     17616     16288     17203      3981
             512      32      7406      7433     29223     31393     29939      7341
             512      64     14649     15327     53062     53589     56681     13033
             512     128     24936     28393     99246    103899    100374     24225
             512     256     47385     48798    176315    171185    156342     43477
             512     512     60355     71858    222911    227251    194680     63809
            1024       4       991       996      4995      5656      4722       988
            1024       8      2236      2245      7926      7920      7991      2203
            1024      16      3959      4013     16044     15899     17987      4157
            1024      32      9173      9354     32282     33765     33785      7964
            1024      64     15432     16232     63708     68641     67373     14783
            1024     128     24868     27584     91200    105220    101586     26378
            1024     256     38891     43025    159079    163314    157026     40876
            1024     512     55734     62313    230419    241062    240320     60041
            1024    1024     72229     62937    296392    271681    281696      8543
            2048       4       987       996      3982      4096      4402       988
            2048       8      2228      2244      7850      7934      7941      1985
            2048      16      3977      3897     15485     15031     15555      3978
            2048      32      7736      7717     29832     29559     30664      8645
            2048      64     17364     17894     65149     64555     65580     17387
            2048     128     25438     26794     97255    101380     95879     25174
            2048     256     46476     48733    158882    155328    155435     48664
            2048     512     62302     65447    187771    200311    196792     68378
            2048    1024     79639     83762    218524    219979    213888     66965
            2048    2048     92510    100599    276498    245182    254314     84165
            4096       4      1003      1109      4118      3875      4055      1029
            4096       8      2230      1968      7760      8375      8532      1943
            4096      16      4282      4497     17270     17748     17509      4284
            4096      32      8091      8140     30658     31429     30465      7766
            4096      64     14825     15238     58583     60294     57715     15231
            4096     128     28102     27573    100951     96494     93118     29375
            4096     256     42202     45227    164544    138070    148249     45245
            4096     512     66127     65634    170163    161076    193746     65488
            4096    1024     75062     87249    270989    270882    241725     82637
            4096    2048     94882    104091    318530    301418    284983     82161
            4096    4096    116047    113566    336729    279798    295142    113318
            8192       4      1008      1079      4140      3908      3925      1076
            8192       8      2151      1970      7885      7921      7832      1973
            8192      16      3933      3984     15377     15895     15839      3952
            8192      32      7477      7674     30800     30715     30521      7716
            8192      64     16607     15235     57626     57922     57221     15465
            8192     128     28597     29005     98938     94268     95388     28513
            8192     256     51298     53020    138038    149249    149750     47538
            8192     512     75962     83822    197061    192889    189686     77213
            8192    1024    114773    101608    250481    252909    237670    100138
            8192    2048    136772     96178    273752    265465    270041    131439
            8192    4096    153580    176449    280451    343035    322037    159027
            8192    8192    171276    159402    313739    324964    278138    171369
           16384       4       920       991      3790      4052      4029      1001
           16384       8      1928      1990      7783      7812      7523      1901
           16384      16      3933      3952     16650     17518     17419      4079
           16384      32      7595      7491     30742     32160     24243      6999
           16384      64     14985     15815     67003     62709     57719     14740
           16384     128     27584     27396     96383     96488     97025     27930
           16384     256     48996     48265    154410    158165    157565     50961
           16384     512     85083     86051    205483    204713    194249     85427
           16384    1024    109130     73476    252259    241744    262148     90014
           16384    2048    138873    123834     78106    248006    251396     63856
           16384    4096    144072    157510    299831    281784    287787    152423
           16384    8192    151367    148930    303665    277821    273312    166558
           16384   16384    175980    196653    283073    266862    262387    198058
           32768      64     14940     14990     58924     58400     57750     14944
           32768     128     28347     31679     97598     97767     98403     29331
           32768     256     37167     46910    145682    124796    158029     51853
           32768     512     73233     78298    197430    224779    220597     80319
           32768    1024     99212     98371    273378    260220    261963     96068
           32768    2048    138077    135284    270423    263473    259115     79595
           32768    4096    104311    152626    312602    307992    320187    140357
           32768    8192    162798    157670    299366    346392    312558    177912
           32768   16384    177668    183996    287151    310302    311169    189905
           65536      64     14160     15123     65652     61775     59507     15064
           65536     128     28025     27541    110383    104087    110473     24187
           65536     256     49770     45335    172740    184401    182785     29024
           65536     512     72907     83039    195646    194849    193896     86026
           65536    1024     93538     77656    267386    267807    261119     95504
           65536    2048    124253    104601    282776    268509    256193    126203
           65536    4096    147411    148351    305964    276521    336508    120963
           65536    8192    177396    146642    281475    277275    280538    151223
           65536   16384    189912    191842    272757    297892    269173    192157
          131072      64     14341     15340     54086     59256     61346     14801
          131072     128     27300     27328     96575    101637    105145     23871
          131072     256     48698     45051    141218    159114    161788     46051
          131072     512     83905     89112    192726    215295    221722     76011
          131072    1024     89562     91844    263601    266149    244542     79244
          131072    2048    123812    122970    291468    298820    294125     92731
          131072    4096    149662    124449    273510    291585    270693    164420
          131072    8192    171880    141688    269172    302834    304757    172659
          131072   16384    187212    189739    299604    288324    297093    175818
          262144      64     15078     15094     64781     60905     59516     15518
          262144     128     30248     28144     97548    105461     97694     28367
          262144     256     47231     47484    146577    165083    155331     46429
          262144     512     84232     86024    192726    196086    193739     86685
          262144    1024    108731     89329    263301    246286    261718     75701
          262144    2048    121799    119052    294071    271247    273089     88737
          262144    4096    162557    122381    262308    262509    256000    139697
          262144    8192    166273    135381    259618    261430    261605    143113
          262144   16384    168664    165114    278342    260961    271708    138560
          524288      64     14643     15525     63281     59937     62703     15808
          524288     128     29266     28699    104242    103983    104640     28607
          524288     256     45265     44618    162750    159914    166445     44109
          524288     512     83328     81498    193925    202731    214619     82213
          524288    1024    101914     70737    257843    262311    240210     76356
          524288    2048    123826    113397    268986    268175    260763     84921
          524288    4096    155219    131810    283898    265644    284133    127542
          524288    8192    169241    152066    257218    255701    266420    149830
          524288   16384    173147    133460    268148    265867    274857    152784

iozone test complete.