user02@vm01:/mnt/nfs_share$ iozone -I -a -g 512M -i 0 -i 1 -i 2

        Iozone: Performance Test of File I/O
                Version $Revision: 3.506 $
                Compiled for 64 bit mode.
                Build: linux-AMD64

        Contributors:William Norcott, Don Capps, Isom Crawford, Kirby Collins
                     Al Slater, Scott Rhine, Mike Wisner, Ken Goss
                     Steve Landherr, Brad Smith, Mark Kelly, Dr. Alain CYR,
                     Randy Dunlap, Mark Montague, Dan Million, Gavin Brebner,
                     Jean-Marc Zucconi, Jeff Blomberg, Benny Halevy, Dave Boone,
                     Erik Habbinga, Kris Strecker, Walter Wong, Joshua Root,
                     Fabrice Bacchella, Zhenghua Xue, Qin Li, Darren Sawyer,
                     Vangel Bojaxhi, Ben England, Vikentsi Lapa,
                     Alexey Skidanov, Sudhir Kumar.

        Run began: Sat Feb  8 22:47:32 2025

        O_DIRECT feature enabled
        Auto Mode
        Using maximum file size of 524288 kilobytes.
        Command line used: iozone -I -a -g 512M -i 0 -i 1 -i 2
        Output is in kBytes/sec
        Time Resolution = 0.000001 seconds.
        Processor cache size set to 1024 kBytes.
        Processor cache line size set to 32 bytes.
        File stride size set to 17 * record size.
                                                                    random    random      bkwd     record     stride
              kB  reclen    write    rewrite      read    reread      read     write      read    rewrite       read    fwrite  frewrite     fread   freread
              64       4       950       963      3968      4510      4120       901
              64       8      1832      1906      9298      8810      8713      1999
              64      16      3797      4195     15313     14977     15136      3927
              64      32      7060      6607     27305     27611     26400      8249
              64      64     13713     15009     59761     56089     47303     15916
             128       4       930       945      4015      4270      4300      1030
             128       8      1860      1957      9369      9035      8976      1906
             128      16      4006      4200     18801     16173     17353      4155
             128      32      7323      7891     33744     33177     33996      7864
             128      64     14374     15094     61301     68227     61393     14954
             128     128     25386     27724    101510    112086     96182     28451
             256       4      1019       945      4279      4186      4207      1039
             256       8      1906      1926      8327      8428      8617      2049
             256      16      4093      4023     15283     16123     16188      3851
             256      32      7345      7883     29374     31410     31075      7940
             256      64     14738     14060     58945     54019     59218     14060
             256     128     26484     27350    117159    113927     93533     27283
             256     256     42160     45159    167306    132990     75627     44889
             512       4       957      1015      4369      4543      4372      1081
             512       8      1941      2227      8974      8992      9128      2226
             512      16      4031      4014     18979     18698     18670      4105
             512      32      8871      7957     33661     33024     35203      8813
             512      64     14923     15959     68029     66003     67174     15984
             512     128     26673     27270     82062    106091     96257     28184
             512     256     43678     43452    138835     95237    119571     42906
             512     512     66570     68250    190113    185578    173200     52287
            1024       4      1030       972      4350      4422      4477       987
            1024       8      1939      1881      8259      8587      8136      1980
            1024      16      4160      4230     18591     17859     13908      4314
            1024      32      8076      8300     29995     31867     30748      8221
            1024      64     14436     14429     56474     60055     55700     14582
            1024     128     26077     27182     98794     87422     97626     26104
            1024     256     35880     47870    165772    192955    192402     42597
            1024     512     58373     58755    240038    216395    160123     58387
            1024    1024     78835     80744    193791    192376    228166     79994
            2048       4      1080      1121      4556      4424      4480      1091
            2048       8      2130      2030      7923      7963      7925      2017
            2048      16      4013      4228     17734     17731     15859      4043
            2048      32      7542      8286     34119     33315     34132      7899
            2048      64     14950     13933     58838     59096     59265     13803
            2048     128     24779     24711     97090     96222     91588     24946
            2048     256     41582     43203    162787    165118    165414     43562
            2048     512     66051     61824    208105    182237    205084     68038
            2048    1024     80973     81077    216967    220907    196503      5783
            2048    2048    106444    105078    266248    285514    230473     94452
            4096       4       937       943      3966      4240      4148       991
            4096       8      2038      2167      7574      8121      8828      1982
            4096      16      4120      4448     18481     17818     15687      3847
            4096      32      7508      7500     30802     29624     31013      7623
            4096      64     14072     14684     62072     57387     54834     14267
            4096     128     25850     26726     99822     96818     99114     25883
            4096     256     38971     46472    151272    154205    148121     46307
            4096     512     68311     72359    199349    173729    176316     72880
            4096    1024     71684     26300    228940    258648    230953     83275
            4096    2048    112188    101804    284822    248483    284346     38959
            4096    4096    145724    109413    304284    321860    317817     96555
            8192       4       957       973      3993      3987      3971      1008
            8192       8      1905      1945      8588      8837      8903      1974
            8192      16      3892      4347     16396     17874     17697      3944
            8192      32      7654      7667     31686     30765     30853      7632
            8192      64     16142     16270     60631     62023     59652     16553
            8192     128     30290     30316     96349     96527     98210     29429
            8192     256     18345     49207    184833    177920    175484     48693
            8192     512     75120     75128    220856    211624    215007     72838
            8192    1024     99463     79207    273504    244536    167597     96659
            8192    2048    117279    126054    277430    261701    270417    121115
            8192    4096    156878    136129    274008    273312    292530    144589
            8192    8192    150427    154318    310044    310022    321053    155310
           16384       4       992       999      4227      4176      4090       993
           16384       8      2036      1949      7648      8114      7763      2132
           16384      16      3844      4483     17773     17656     16283      4365
           16384      32      8032      8378     31972     23831     31662      7609
           16384      64     16527     16838     59483     60653     58494     16831
           16384     128     27028     28621     99197    112384    114368     29698
           16384     256     45904     47088    183264    183650    179570     45865
           16384     512     73565     74856    219633    211509    204605     78560
           16384    1024     98511     97725    253363    261796    260054     96455
           16384    2048    127332    122173    315500    314140    317604     83803
           16384    4096    147350    158429    336163    260987    267892    158810
           16384    8192    174283     86873    264907    250834    264916    168135
           16384   16384    204353    185090    298254    321759    321329    177201
           32768      64     14513     14915     59676     59481     60377     12173
           32768     128     28310     31646    114425    114412    110621     30191
           32768     256     41232     56632    150238    160879    154902     52771
           32768     512     81540     49236    227435    219940    213564     75838
           32768    1024     98431     89643    266004    268031    257102     97554
           32768    2048    130336    138804    261922    266125    261557    129293
           32768    4096    149762    153642    304481    280027    303129     85033
           32768    8192    172709    122693    298439    297156    291085    167740
           32768   16384    193681    175458    284827    334763    302039    181139
           65536      64     17563     17799     60042     58341     58884     15722
           65536     128     31319     30665    102036     95556    102222     30351
           65536     256     38353     45219    160144    178056    124793     50953
           65536     512     71450     81386    182873    190782    180481     80903
           65536    1024     93393     89301    238386    230281    238041     79684
           65536    2048    114748     81014    249002    256742    239890    109979
           65536    4096    135468    138079    260452    271256    267023    141871
           65536    8192    161553    131927    249590    304310    267378    149915
           65536   16384    167729    162701    270285    294925    273611    161380
          131072      64     15860     15866     56815     61060     59722     14737
          131072     128     27632     28565     93421     98645    102786     30235
          131072     256     47348     46924    149758    158717    155460     46690
          131072     512     73020     84916    193244    194483    193989     91517
          131072    1024     99769     83885    239187    245884    259258     90464
          131072    2048    125558     98294    263666    281897    274467     83991
          131072    4096    155979    132209    262230    280007    288989     95475
          131072    8192    178844    158715    292212    270574    304469    118607
          131072   16384    168898    181011    314220    323790    285415    193923
          262144      64     16390     15797     60981     64733     66104     15603
          262144     128     29861     28328    104803     98460    110471     28810
          262144     256     44786     45908    151914    158115    176226     46734
          262144     512     85076     86855    195363    194807    201977     81210
          262144    1024     98020     96233    263242    256146    262203     93008
          262144    2048    124284    117924    274910    272942    256949    113015
          262144    4096    148414    147317    270623    281650    265503    141400
          262144    8192    170186    175229    283973    283319    282328    172272
          262144   16384    190575    180235    286435    290369    283613    183068
          524288      64     15963     15418     60049     62051     61028     15191
          524288     128     27742     28555    107786    106229    109024     29378
          524288     256     46412     45196    170104    159564    177498     47118
          524288     512     89655     89321    200303    218517    205775     88170
          524288    1024     98147     86731    258566    252554    250276     73617
          524288    2048    108911     96913    274902    269439    260146    114557
          524288    4096    155033    139652    276435    280298    279645    134042
          524288    8192    171172    155335    278470    280004    284159    158517
          524288   16384    185924    180418    287708    283581    282885    173270

iozone test complete.