user02@vm01:/mnt/nfs_share$ iozone -I -a -g 512M -i 0 -i 1 -i 2

        Iozone: Performance Test of File I/O
                Version $Revision: 3.506 $
                Compiled for 64 bit mode.
                Build: linux-AMD64

        Contributors:William Norcott, Don Capps, Isom Crawford, Kirby Collins
                     Al Slater, Scott Rhine, Mike Wisner, Ken Goss
                     Steve Landherr, Brad Smith, Mark Kelly, Dr. Alain CYR,
                     Randy Dunlap, Mark Montague, Dan Million, Gavin Brebner,
                     Jean-Marc Zucconi, Jeff Blomberg, Benny Halevy, Dave Boone,
                     Erik Habbinga, Kris Strecker, Walter Wong, Joshua Root,
                     Fabrice Bacchella, Zhenghua Xue, Qin Li, Darren Sawyer,
                     Vangel Bojaxhi, Ben England, Vikentsi Lapa,
                     Alexey Skidanov, Sudhir Kumar.

        Run began: Sat Feb  8 23:04:17 2025

        O_DIRECT feature enabled
        Auto Mode
        Using maximum file size of 524288 kilobytes.
        Command line used: iozone -I -a -g 512M -i 0 -i 1 -i 2
        Output is in kBytes/sec
        Time Resolution = 0.000001 seconds.
        Processor cache size set to 1024 kBytes.
        Processor cache line size set to 32 bytes.
        File stride size set to 17 * record size.
                                                                    random    random      bkwd     record     stride
              kB  reclen    write    rewrite      read    reread      read     write      read    rewrite       read    fwrite  frewrite     fread   freread
              64       4       931      1044      4014      3951      4332       933
              64       8      1856      1938      8673      8865      8648      1861
              64      16      3676      3857     16104     18196     15960      4032
              64      32      7312      8138     30756     35792     33400      7281
              64      64     12665     15005     62068     30233     62868     14156
             128       4       612       917      4603      4211      4266      1015
             128       8      1840      1874      7341      8855      7577      1974
             128      16      3954      4055     16032     17335     15419      3743
             128      32      7322      7243     23875     30483     29012      7189
             128      64     11995     14811     55104     63717     53156     15520
             128     128     25186     28810     73135    115015     78826     26122
             256       4       999      1014      3987      3706      3983      1008
             256       8      1841      1882      7737      7905      7084      1867
             256      16      3682      3663     15560     15598     15444      3686
             256      32      7285      6816     29917     30378     30142      7099
             256      64     14236     14073     53090     56362     54982     13475
             256     128     25625     28441     82577    129494     99183     24194
             256     256     43819     42539    174257    207454    175224     44498
             512       4       953       967      4515      4501      4458      1014
             512       8      2014      2028      8835      9033      8894      1994
             512      16      4271      4036     17425     18293     18710      4083
             512      32      7354      7521     27897     30495     30540      7548
             512      64     14087     14122     54889     55718     59259     14775
             512     128     27078     26820    104111     92636     92437     25822
             512     256     39252     45442    124061    155481    140885     46519
             512     512     63879     65841    245320    197455    215139     61598
            1024       4       957       977      4517      4470      4484      1089
            1024       8      2133      2192      9056      9136      8772      2189
            1024      16      3839      3882     15808     16111     16606      4096
            1024      32      7963      7713     34324     33483     33003      7711
            1024      64     14805     14628     64732     65741     63980     14802
            1024     128     25538     26462    117067    119684    120062     28149
            1024     256     39640     38785    182300    183351    156935     39656
            1024     512     60157     62309    201700    217358    206958     62988
            1024    1024     66329     83137    250847    245682    227105     80000
            2048       4      1022      1011      3806      3778      3862      1101
            2048       8      2163      2187      7701      7686      8199      2233
            2048      16      4146      4339     15843     15249     15521      3690
            2048      32      8863      8910     33714     33510     35267      8960
            2048      64     16703     14800     67099     60811     59472     16252
            2048     128     30036     27935    111582    112304    108221     29320
            2048     256     43725     41320    176748    168255    172871     41760
            2048     512     61923     63574    189052    216285    210440     62092
            2048    1024     72981     72908    248036    224609    205192     74456
            2048    2048     84214     86376    242881    212250    260531     80820
            4096       4       989       968      3799      3829      3828       985
            4096       8      1976      1969      7801      7932      7799      2115
            4096      16      3901      3764     15918     15843     15962      4085
            4096      32      8044      8307     33590     34056     34223      7479
            4096      64     14948     11535     58658     64858     66163     14929
            4096     128     26605     27973    115814    110538    111060     26865
            4096     256     42889     43603    178303    179971    187984     42299
            4096     512     61818     63774    210558    206941    202192     65105
            4096    1024     79266     76308    243303    250995    253697     73893
            4096    2048     82240     94775    300821    287097    284624     72398
            4096    4096    100857    101148    339269    257921    270043    121593
            8192       4       986      1065      3867      3935      4432       988
            8192       8      2048      1973      7806      7873      7915      1979
            8192      16      3911      4003     17491     17588     17852      4057
            8192      32      7667      7791     34302     34057     35032      7886
            8192      64     14363     15671     54803     56371     55581     15102
            8192     128     26184     27669     99128     97682     97353     27400
            8192     256     50945     51139    160469    162853    156742     50208
            8192     512     81283     82631    193879    183290    224925     72252
            8192    1024     96168     99913    260850    227930    230287     64148
            8192    2048     91763     87554    263128    264267    268660    116363
            8192    4096    184391    156973    285437    275778    264890     43100
            8192    8192    193820    193322    238798    262086    285366    178556
           16384       4      1059      1042      3890      3826      3854       981
           16384       8      2085      2219      7623      7816      7880      1988
           16384      16      3880      4180     15693     15790     15953      3949
           16384      32      8656      8257     29905     30293     30322      8484
           16384      64     16829     15717     66372     66725     66237     18054
           16384     128     32554     32866    115838    115372    110598     32737
           16384     256     46363      5126    168230    175876    169697     46786
           16384     512     82783     86830    179481    186268    194360     94407
           16384    1024     99980     95188    259931    267048    253567     95861
           16384    2048    119836    127504    337814    316617    297247    122003
           16384    4096    145740    145007    312212    322811    312118    146581
           16384    8192    173016    156480    326011    339360    335985    164478
           16384   16384    178348    195087    287559    310815    283921    163682
           32768      64     15030     15697     66385     65576     65879     14902
           32768     128     27839     28169    107801    113703    112353     30548
           32768     256     46168     46141    125739    178176    184181     47612
           32768     512     73803     76682    195111    196193    194566     85948
           32768    1024    100023     53202    246927    229659    238134    104225
           32768    2048    136621    113744    257389    240366    237239     89377
           32768    4096    172739    164232    256756    304917    298365    133517
           32768    8192    193578    181091    300863    295372    265392    100398
           32768   16384    205129    189217    312681    288883    299254    181864
           65536      64     14704     15632     66250     60316     58113     15122
           65536     128     27210     28125    102617    112703     99550     30401
           65536     256     47039     46768    146693    150397    160419     30019
           65536     512     77786     76048    222459    212640    216162     91528
           65536    1024     97141    105154    253245    252719    216232     75523
           65536    2048    135538    137131    253671    281167    270369    115842
           65536    4096    142032    145845    274855    321700    289691    141790
           65536    8192    177998    179648    314521    304917    303626    168903
           65536   16384    183474    174902    271653    294549    298832    189573
          131072      64     16304     15543     64041     58305     58823     14841
          131072     128     27409     29131    101467    103552     96144     27133
          131072     256     42028     44168    150581    144169    156637     46736
          131072     512     84819     92408    199427    198281    205072     80943
          131072    1024     99322     96512    264964    271830    264181     58741
          131072    2048    126230    103580    268531    286597    301254    107388
          131072    4096    172694    134319    279658    285354    271046    170293
          131072    8192    178672    155994    291553    290621    276559    167131
          131072   16384    189923    169542    298565    281709    297867    163803
          262144      64     15353     15171     62584     65475     63862     16682
          262144     128     28984     27649     97095     99180    110525     27630
          262144     256     46374     46173    142245    173517    164156     45898
          262144     512     89390     88848    193567    196399    196683     89932
          262144    1024    115077     81676    231270    247552    250700    100016
          262144    2048    134097    119681    281201    273251    284212    118891
          262144    4096    153750    140441    295959    284867    291340    141207
          262144    8192    172444    154726    278382    282256    275524    163668
          262144   16384    186834    157964    295273    292575    295242    173987
          524288      64     14782     15606     62844     59529     59827     15234
          524288     128     28226     27857    101139     99912    104106     28820
          524288     256     45007     45801    165677    160973    172369     46072
          524288     512     84574     87422    201907    192320    195479     86090
          524288    1024    103147     86275    246509    238691    243178     88818
          524288    2048    123536     99973    266860    261836    273151    105371
          524288    4096    168854    132845    270146    283910    282746    125565
          524288    8192    181877    166925    282089    290250    275562    147100
          524288   16384    190273    181460    269698    291357    299626    182175

iozone test complete.