user02@vm01:/mnt/nfs_share$ iozone -I -a -g 512M -i 0 -i 1 -i 2

        Iozone: Performance Test of File I/O
                Version $Revision: 3.506 $
                Compiled for 64 bit mode.
                Build: linux-AMD64

        Contributors:William Norcott, Don Capps, Isom Crawford, Kirby Collins
                     Al Slater, Scott Rhine, Mike Wisner, Ken Goss
                     Steve Landherr, Brad Smith, Mark Kelly, Dr. Alain CYR,
                     Randy Dunlap, Mark Montague, Dan Million, Gavin Brebner,
                     Jean-Marc Zucconi, Jeff Blomberg, Benny Halevy, Dave Boone,
                     Erik Habbinga, Kris Strecker, Walter Wong, Joshua Root,
                     Fabrice Bacchella, Zhenghua Xue, Qin Li, Darren Sawyer,
                     Vangel Bojaxhi, Ben England, Vikentsi Lapa,
                     Alexey Skidanov, Sudhir Kumar.

        Run began: Sat Feb  8 23:20:16 2025

        O_DIRECT feature enabled
        Auto Mode
        Using maximum file size of 524288 kilobytes.
        Command line used: iozone -I -a -g 512M -i 0 -i 1 -i 2
        Output is in kBytes/sec
        Time Resolution = 0.000001 seconds.
        Processor cache size set to 1024 kBytes.
        Processor cache line size set to 32 bytes.
        File stride size set to 17 * record size.
                                                                    random    random      bkwd     record     stride
              kB  reclen    write    rewrite      read    reread      read     write      read    rewrite       read    fwrite  frewrite     fread   freread
              64       4       982       998      3987      3993      4041      1000
              64       8      2029      1942      7931      7944      7719      2095
              64      16      4007      3923     15436     15775     15372      4045
              64      32      8144      8466     25137     29197     29289      7806
              64      64     15281     14128     56431     39899     52719     11918
             128       4       991      1012      4310      4472      4212      1009
             128       8      1977      2030      8167      8369      7903      1997
             128      16      3926      4263     17455     17174     17351      4061
             128      32      8692      7806     30754     29178     33454      7470
             128      64     15918     15366     59448     71148     55722     16620
             128     128     26121     30238     88043    108026    108484     22543
             256       4       971      1079      4442      4348      4218      1092
             256       8      2130      2219      8689      8499      8749      2212
             256      16      3926      4500     17281     16437     18149      4179
             256      32      8819      8803     35247     32008     32737      8641
             256      64     16758     15857     70641     64567     65273     15445
             256     128     10713     27479    102029    107699    113625     26572
             256     256     39756     51311    138604    167882    174768     44445
             512       4       980      1066      4520      4452      4436       997
             512       8      2077      2032      8125      7173      8681      1979
             512      16      3997      4181     18147     16808     15469      4487
             512      32      7809      7953     35592     32187     32555      7763
             512      64     15038     15180     62530     66891     65289     14909
             512     128     27638     26267     89430     97525     94866     25802
             512     256     40719     45952    191043    166177    137449     43715
             512     512     54601     65221    218510    215312    193139     68295
            1024       4       957       964      3639      3889      3876       979
            1024       8      2018      2138      7894      7922      7983      2155
            1024      16      3968      4058     15959     15732     15699      3908
            1024      32      7399      7516     34744     31563     34703      7819
            1024      64     15074     15577     61021     58373     63960     15080
            1024     128     27214     29716     99273    117151    109134     26173
            1024     256     40525     42505    165344    154707    180439     41688
            1024     512     57123     56356    192196    216766    219693     56958
            1024    1024     70411     76053    252410    180469    256648     63089
            2048       4      1049      1070      3895      4363      3832       981
            2048       8      2159      2193      7944      7872      7967      1956
            2048      16      4293      4336     18015     18067     17548      4297
            2048      32      8663      8696     35250     33406     34278      8633
            2048      64     15625     15688     68169     65281     57732     15825
            2048     128     27073     27199     99825     96932     91171     27177
            2048     256     41990     42618    152379    164325    159935     41854
            2048     512     65807     61481    187697    191834    178396     65588
            2048    1024      9444     76195    198469    205541    211784     70404
            2048    2048     92657     96662    241937    226648    250152     98409
            4096       4       997      1095      3901      3935      3930      1100
            4096       8      1932      1968      9078      9178      8852      2180
            4096      16      4359      4332     15789     15767     15997      4180
            4096      32      8496      8445     31170     31434     31708      8468
            4096      64     14297     16165     55371     58355     57734     14399
            4096     128     26728     27809    102267    100409     97915     26744
            4096     256     36831     46360    157266    160868    163872     25062
            4096     512     66873     69661    166193    158264    165555     70283
            4096    1024     72742     76897    258944    239124    264018     81405
            4096    2048     94757     88623    289819    283778    250385     96612
            4096    4096    138998    111255    295975    281283    242811    115266
            8192       4       968      1002      3995      3994      3954       957
            8192       8      1928      1962      9048      8809      8689      1952
            8192      16      3926      3995     15749     15715     15891      3860
            8192      32      7475      7041     29797     30601     30732      7757
            8192      64     14685     14975     59337     58804     57651     14643
            8192     128     27697     27080     98074     97431     96761     27533
            8192     256     33823     50615    165425    162205    161281     50414
            8192     512     78992     81588    191339    192089    190821     83377
            8192    1024    102147    104716    242181    242604    260757     41136
            8192    2048    131177    130528    282345    259685    259593    129550
            8192    4096    181753    176638    290859    268961    267247    168445
            8192    8192    192730    193044    280740    298692    295240    164132
           16384       4      1041      1041      3905      3924      3948      1013
           16384       8      2017      2011      8219      7175      8114      2147
           16384      16      3962      4001     15846     15814     16661      3905
           16384      32      5985      4666     22674     28301     24276      7323
           16384      64     13895     14729     54051     54068     56875     15752
           16384     128     29845     27037     97654     91839     93017     28263
           16384     256     50525     56413    161063    161935    143925     39513
           16384     512     90006     98444    179338    199931    189820     93686
           16384    1024    112427    111321    239161    186775    229461    109268
           16384    2048    129617    131500    253172    265624    280601    123484
           16384    4096    164110    150423    306794    263640    246309     83579
           16384    8192    161498    173636    292978    261901    285898     70641
           16384   16384    181122    165679    316225    293304    313858    206777
           32768      64     14992     16433     59490     60323     60661     15028
           32768     128     29411     31936     96188     96195     95989     30340
           32768     256     48182     48636    181837    127549    185654     49268
           32768     512     79090     71092    224344    225245    223466     81925
           32768    1024    100567     94518    247842    236708    209356    114460
           32768    2048    131199     92385    250464    252609    264697    129004
           32768    4096    148864    146904    273830    304830    299644    139861
           32768    8192    167740    168947    292307    283394    306957    187823
           32768   16384    188887    192647    291051    313032    312400    196304
           65536      64     14908     15040     59304     60093     61774     15016
           65536     128     29251     28615     97432     97449    110601     32099
           65536     256     50048     50121    147937    159356    130569     43563
           65536     512     84847     86385    187654    193587    221404     78158
           65536    1024     94879     96519    265338    267782    270386     95611
           65536    2048    122343    120599    281805    298027    279598    111825
           65536    4096    148915    136907    287446    249254    283151    156583
           65536    8192    169909    146328    297139    277635    293566    173641
           65536   16384    182498    154126    265622    288108    298822    173163
          131072      64     15949     16186     59753     58823     59791     16706
          131072     128     28592     28467    108840    111644     97203     27955
          131072     256     44328     43583    157824    154031    160991     41177
          131072     512     73925     75627    216160    220337    221529     76054
          131072    1024     93864     93044    269210    267442    241956     93261
          131072    2048    126258    105774    277603    258977    276499    103342
          131072    4096    165949    106678    260819    291899    276705    130401
          131072    8192    173808    141312    294173    282951    280255    159082
          131072   16384    186952    175752    296022    299454    308853    176505
          262144      64     15142     16114     59319     59304     59173     15821
          262144     128     28557     28765    100597    105493    102279     28804
          262144     256     45749     46210    171816    162826    183034     42535
          262144     512     83938     91705    193710    197635    210253     84875
          262144    1024     98044     80674    257858    249429    227527     85886
          262144    2048    127159    112272    254863    278652    284095    109138
          262144    4096    155847    126276    299247    282826    290603    131964
          262144    8192    177913    172885    287852    273128    295623    149634
          262144   16384    188812    171215    298872    270336    300802    178544
          524288      64     14852     16459     65269     62760     64000     15584
          524288     128     29202     28503    104776    104623    106398     28105
          524288     256     46533     45175    144429    157640    171573     45969
          524288     512     86216     87573    196994    193747    195650     91182
          524288    1024    107635     80307    260679    246119    235250     90358
          524288    2048    122354    104783    273370    260284    260402    106328
          524288    4096    151941    133945    288649    287856    283798    128989
          524288    8192    170650    160440    282331    285727    304988    161349
          524288   16384    184838    181934    296338    309344    292666    168021

iozone test complete.