user02@vm01:/mnt/nfs_share$ iozone -I -a -g 512M -i 0 -i 1 -i 2

        Iozone: Performance Test of File I/O
                Version $Revision: 3.506 $
                Compiled for 64 bit mode.
                Build: linux-AMD64

        Contributors:William Norcott, Don Capps, Isom Crawford, Kirby Collins
                     Al Slater, Scott Rhine, Mike Wisner, Ken Goss
                     Steve Landherr, Brad Smith, Mark Kelly, Dr. Alain CYR,
                     Randy Dunlap, Mark Montague, Dan Million, Gavin Brebner,
                     Jean-Marc Zucconi, Jeff Blomberg, Benny Halevy, Dave Boone,
                     Erik Habbinga, Kris Strecker, Walter Wong, Joshua Root,
                     Fabrice Bacchella, Zhenghua Xue, Qin Li, Darren Sawyer,
                     Vangel Bojaxhi, Ben England, Vikentsi Lapa,
                     Alexey Skidanov, Sudhir Kumar.

        Run began: Sat Feb  8 23:36:12 2025

        O_DIRECT feature enabled
        Auto Mode
        Using maximum file size of 524288 kilobytes.
        Command line used: iozone -I -a -g 512M -i 0 -i 1 -i 2
        Output is in kBytes/sec
        Time Resolution = 0.000001 seconds.
        Processor cache size set to 1024 kBytes.
        Processor cache line size set to 32 bytes.
        File stride size set to 17 * record size.
                                                                    random    random      bkwd     record     stride
              kB  reclen    write    rewrite      read    reread      read     write      read    rewrite       read    fwrite  frewrite     fread   freread
              64       4       971       979      4310      4725      4240       997
              64       8      2146      2203      7743      8246      8425      1919
              64      16      3903      4229     16971     17504     15380      3897
              64      32      7858      8015     33350     37872     16877      8460
              64      64     13171     14994     46443     67162     34971     13775
             128       4       923       927      3999      3955      3982       948
             128       8      1937      1935      7907      8932      8164      1982
             128      16      3718      3732     15841     15779     14904      3711
             128      32      6981      7247     30166     31737     32684      6746
             128      64     14198     13397     61099     55508     50035     13524
             128     128     28739     29432     83757    110539     73646     23974
             256       4       937       954      3859      3942      3990       952
             256       8      2036      2032      7797      7896      7796      2006
             256      16      3950      4161     16799     16774     16257      4092
             256      32      8312      8788     31758     33049     32973      8032
             256      64     16139     16032     65373     70716     53803     15254
             256     128     29629     25874     99220     90973    107559     27874
             256     256     50217     32929    188912    152654    126787     49932
             512       4       908       959      4539      4491      4658      1026
             512       8      1908      1947      8461      8694      8510      2226
             512      16      4632      4651     15592     15936     16055      4297
             512      32      7441      8566     29511     30810     31401      7506
             512      64     15366     14367     55845     61992     56668     15339
             512     128     31598     28482     94657     97097    105002     32883
             512     256     54150     58514    146447    180418    136099     54220
             512     512     64949     84209    230941    184907    223282     85231
            1024       4       963       979      3956      3893      3964       961
            1024       8      1882      1817      7936      7861      7846      1897
            1024      16      3925      3887     15783     15734     15474      3828
            1024      32      7627      7569     30329     32015     30716      7634
            1024      64     15053     15049     58759     58698     55462     14182
            1024     128     28423     29450     94134     99416     90276     32219
            1024     256     50363     52141    156740    174778    155717     53598
            1024     512     82707     83165    178186    202213    187932     81064
            1024    1024    104937    114502    273585    297769    245443    116392
            2048       4      1067       977      3933      3889      3989      1081
            2048       8      2115      2053      7733      7813      7994      1936
            2048      16      3745      3828     15561     15176     14947      4239
            2048      32      7391      8339     31098     31940     31278      8482
            2048      64     15754     15954     59632     56875     54947     15958
            2048     128     26586     29464     97751    103743     92360     30342
            2048     256     48610     50182    155790    162513    147033     49995
            2048     512     69140     74111    212271    215871    220572     78932
            2048    1024     88897     88237    271688    256670    219765     85407
            2048    2048    134445    184140    269017    222221    224586    185120
            4096       4      1001      1015      3638      4449      4479       995
            4096       8      1921      1959      7784      8625      8450      2142
            4096      16      4397      4278     15627     15688     15907      3867
            4096      32      8427      8392     30877     31450     30495      7491
            4096      64     16025     16088     59814     60781     60898     16244
            4096     128     26988     27011     98617     91760     99297     27413
            4096     256     46041     18817    125690    167780    148137     44988
            4096     512     71575     72639    196413    199076    183801     76679
            4096    1024     81961     77389    240023    242452    251890     78595
            4096    2048    126646    126103    264038    206899    212294    124087
            4096    4096    133620    167027    280795    327498    309392    129410
            8192       4       968       964      3948      3917      3900       987
            8192       8      1928      2190      7641      7953      7900      1949
            8192      16      4320      3805     15432     15849     15743      3901
            8192      32      9133      9297     33876     33908     33133      7975
            8192      64     17464     15617     65827     64015     68037     17789
            8192     128     28612     27684     99536     97406     97100     28154
            8192     256     48944     55446    167792    150322    162413     51837
            8192     512     85600     95006    183952    212437    224907     82586
            8192    1024     99997     96541    255696    268652    266249     89374
            8192    2048    123535     41316    310019    285406    263339    124113
            8192    4096    144375    145642    297027    325972    299337    142111
            8192    8192    170124    169885    311755    294284    316039    178685
           16384       4      1025      1014      4209      3969      4075       980
           16384       8      1868      1983      8862      8473      7943      1929
           16384      16      4080      3971     15906     15804     15736      3991
           16384      32      7860      8000     34546     31936     30485      8580
           16384      64     14755     14960     57386     58353     60108     14869
           16384     128     29482     30612     95976     94246    112796     28797
           16384     256     39609     53282    126818    172044    184573     48017
           16384     512     80030     82082    222122    226132    232028     77053
           16384    1024    101838     80227    265344    280179    231382     53454
           16384    2048    122578    104339    288847    311730    305774    123460
           16384    4096    153919    139858    306295    308846    309839    136768
           16384    8192    183580    170011    295943    283567    308427    184278
           16384   16384    183926    189145    291608    268686    306249    178422
           32768      64     15852     14952     60248     59117     58906     12581
           32768     128     30931     30469     96580     97105     96166     29298
           32768     256     49756     44855    150307    158538    142584     46781
           32768     512     84419     89664    178312    196442    195342     92303
           32768    1024     73101    106929    208646    235783    246544    114035
           32768    2048    111404    127416    277086    255841    257512     72434
           32768    4096    183891    160103    273716    238649    263747     94451
           32768    8192    172726    165612    266196    306503    301775    176503
           32768   16384    188217    182926    279316    264719    307805    184175
           65536      64     15747     15520     59807     59946     64494     16868
           65536     128     28387     28076     96641     98031    103011     27426
           65536     256     42496     45301    161919    151963    180534     48950
           65536     512     63306     77375    222418    218282    222311     76427
           65536    1024     96791     78292    269200    246218    241848    105292
           65536    2048    123182     84367    279935    273776    245571     97233
           65536    4096    154488    123765    283167    273089    284573    153361
           65536    8192    183480    185621    283072    275259    298783    108046
           65536   16384    182048    155490    288235    287797    304506    187495
          131072      64     14713     15082     58225     59233     62071     16711
          131072     128     30166     28156    105070    108783    108960     29577
          131072     256     43846     47227    144042    138080    162919     42293
          131072     512     82899     90938    198005    195501    191673     87885
          131072    1024    111717     69619    268699    268359    262792     82828
          131072    2048    123840    105948    277054    272760    283374     67542
          131072    4096    148310    159855    268456    268504    286156    138234
          131072    8192    187741    165982    278881    294278    288376    160483
          131072   16384    187388    195288    295132    280903    284688    182141
          262144      64     15001     15188     60394     58435     65497     14948
          262144     128     27738     27726     98296    107920     99757     27610
          262144     256     46645     48267    149418    162266    154297     46071
          262144     512     87896     87834    190870    196421    183908     87970
          262144    1024    107079     81072    232038    234545    238719     63469
          262144    2048    131730     94378    276800    258252    253773    110015
          262144    4096    166535    138441    271559    278687    274672    137641
          262144    8192    182147    167921    296648    270486    292193    179945
          262144   16384    185085    169571    305369    297783    313483    177086
          524288      64     15572     15126     64804     63001     64705     15203
          524288     128     28431     28209    101271     97672    100108     27872
          524288     256     42426     43139    169354    158252    155942     44453
          524288     512     79265     86739    214139    211450    197748     79505
          524288    1024    107791     74058    235234    252286    234813     76831
          524288    2048    130135    104983    289225    282804    281193    111763
          524288    4096    154942    115261    280428    276564    280882    120425
          524288    8192    164583    148851    284947    288917    296765    172648
          524288   16384    185417    184863    305615    299502    298684    177775

iozone test complete.